#F /data/id16/inhouse/data/run1_07/run7_he2274/double
#E 1162639490
#D Tue Feb 13 10:05:57 2007
#C double  User = opid16
#O0 Mirror x  Mirror y  Mirror z  Mirror Psi  Mirror Theta  Mirror Phi  

#S 1  ascan  z -5.2 -4.2  30 0.1
#D Sat Mar 03 14:44:42 2007
#T 0.1  (Seconds)
#G0 0
#G1 0 0 0 0 0 0 0 0 0 0 0 0 0 0 0 0 0 0 0 0 0 0 0 0 0 0 0 0 0 0 0 0
#G3 0 0 0 0 0 0 0 0 0
#G4 0
#Q 
#P0 -0.232 0.0965 -4.7 0.1965 0.4825 0.008 
#N 7
#L Mirror z    Epoch  vdlb  diodo  kapton  monitor  Seconds
-5.2  10289995 0 914 6840 1 0.1
-5.1665  10289997 0 911 6823 1 0.1
-5.1335  10289998 0 909 6840 1 0.1
-5.1  10289999 0 911 6833 1 0.1
-5.0665  10290000 0 911 6840 1 0.1
-5.0335  10290001 0 911 6828 1 0.1
-5  10290002 0 911 6836 1 0.1
-4.9665  10290003 0 909 6837 1 0.1
-4.9335  10290004 0 911 6828 1 0.1
-4.9  10290005 0 912 6834 1 0.1
-4.8665  10290006 0 912 6846 1 0.1
-4.8335  10290007 0 908 6835 1 0.1
-4.8  10290008 0 909 6833 1 0.1
-4.7665  10290009 0 912 6832 1 0.1
-4.7335  10290010 0 910 6834 1 0.1
-4.7  10290011 0 909 6826 1 0.1
-4.6665  10290012 0 910 6837 1 0.1
-4.6335  10290013 0 912 6834 1 0.1
-4.6  10290014 0 912 6835 1 0.1
-4.5665  10290015 0 909 6832 1 0.1
-4.5335  10290015 0 911 6834 1 0.1
-4.5  10290016 0 909 6829 1 0.1
-4.4665  10290017 0 912 6831 1 0.1
-4.4335  10290018 0 909 6826 1 0.1
-4.4  10290019 0 910 6830 1 0.1
-4.3665  10290020 0 910 6832 1 0.1
-4.3335  10290021 0 909 6825 1 0.1
-4.3  10290022 0 911 6838 1 0.1
-4.2665  10290023 0 910 6824 1 0.1
-4.2335  10290024 0 909 6826 1 0.1
-4.2  10290025 0 911 6824 1 0.1

#S 2  ascan  z -5.2 -4.2  30 0.1
#D Sat Mar 03 14:46:20 2007
#T 0.1  (Seconds)
#G0 0
#G1 0 0 0 0 0 0 0 0 0 0 0 0 0 0 0 0 0 0 0 0 0 0 0 0 0 0 0 0 0 0 0 0
#G3 0 0 0 0 0 0 0 0 0
#G4 0
#Q 
#P0 -0.231 0.0925 -4.7 0.1985 0.4825 0.0065 
#N 7
#L Mirror z    Epoch  vdlb  diodo  kapton  monitor  Seconds
-5.2  10290093 0 11305 6823 1 0.1
-5.1665  10290094 0 11965 6825 1 0.1
-5.1335  10290095 0 12552 6839 1 0.1
-5.1  10290096 0 13196 6824 1 0.1
-5.0665  10290097 0 13860 6836 1 0.1
-5.0335  10290098 0 14528 6832 1 0.1
-5  10290099 0 15228 6829 1 0.1
-4.9665  10290100 0 15856 6837 1 0.1
-4.9335  10290101 0 16452 6822 1 0.1
-4.9  10290102 0 16994 6827 1 0.1
-4.8665  10290103 0 17507 6831 1 0.1
-4.8335  10290104 0 17922 6829 1 0.1
-4.8  10290105 0 18303 6815 1 0.1
-4.7665  10290106 0 18648 6820 1 0.1
-4.7335  10290107 0 18977 6823 1 0.1
-4.7  10290108 0 19209 6832 1 0.1
-4.6665  10290109 0 19429 6825 1 0.1
-4.6335  10290110 0 19589 6833 1 0.1
-4.6  10290111 0 19748 6832 1 0.1
-4.5665  10290112 0 19883 6827 1 0.1
-4.5335  10290113 0 19942 6833 1 0.1
-4.5  10290114 0 20089 6822 1 0.1
-4.4665  10290115 0 20174 6827 1 0.1
-4.4335  10290116 0 20271 6831 1 0.1
-4.4  10290117 0 20411 6824 1 0.1
-4.3665  10290118 0 20533 6822 1 0.1
-4.3335  10290119 0 20606 6831 1 0.1
-4.3  10290120 0 20703 6814 1 0.1
-4.2665  10290121 0 20849 6828 1 0.1
-4.2335  10290122 0 20995 6823 1 0.1
-4.2  10290123 0 21152 6830 1 0.1

#S 3  ascan  z -4.2 -3.2  30 0.1
#D Sat Mar 03 14:49:52 2007
#T 0.1  (Seconds)
#G0 0
#G1 0 0 0 0 0 0 0 0 0 0 0 0 0 0 0 0 0 0 0 0 0 0 0 0 0 0 0 0 0 0 0 0
#G3 0 0 0 0 0 0 0 0 0
#G4 0
#Q 
#P0 -0.23 0.0895 -3.7 0.1995 0.483 0.005 
#N 7
#L Mirror z    Epoch  vdlb  diodo  kapton  monitor  Seconds
-4.2  10290305 0 15381 6830 1 0.1
-4.1665  10290306 0 16195 6817 1 0.1
-4.1335  10290307 0 17088 6822 1 0.1
-4.1  10290308 0 17844 6824 1 0.1
-4.0665  10290309 0 18676 6827 1 0.1
-4.0335  10290310 0 19380 6821 1 0.1
-4  10290311 0 20104 6811 1 0.1
-3.9665  10290312 0 20707 6830 1 0.1
-3.9335  10290313 0 21165 6831 1 0.1
-3.9  10290314 0 21594 6814 1 0.1
-3.8665  10290315 0 21937 6818 1 0.1
-3.8335  10290316 0 22156 6823 1 0.1
-3.8  10290317 0 22299 6822 1 0.1
-3.7665  10290318 0 22462 6831 1 0.1
-3.7335  10290319 0 22473 6823 1 0.1
-3.7  10290320 0 22450 6821 1 0.1
-3.6665  10290321 0 22374 6831 1 0.1
-3.6335  10290322 0 22322 6827 1 0.1
-3.6  10290323 0 22284 6836 1 0.1
-3.5665  10290324 0 22188 6824 1 0.1
-3.5335  10290325 0 22158 6820 1 0.1
-3.5  10290326 0 22020 6829 1 0.1
-3.4665  10290327 0 21984 6819 1 0.1
-3.4335  10290328 0 21822 6823 1 0.1
-3.4  10290329 0 21775 6819 1 0.1
-3.3665  10290330 0 21678 6823 1 0.1
-3.3335  10290331 0 21606 6818 1 0.1
-3.3  10290332 0 21455 6820 1 0.1
-3.2665  10290333 0 21348 6822 1 0.1
-3.2335  10290334 0 21296 6827 1 0.1
-3.2  10290335 0 21179 6825 1 0.1

#S 4  ascan  z -4.7 -3.7  30 0.1
#D Sat Mar 03 14:54:22 2007
#T 0.1  (Seconds)
#G0 0
#G1 0 0 0 0 0 0 0 0 0 0 0 0 0 0 0 0 0 0 0 0 0 0 0 0 0 0 0 0 0 0 0 0
#G3 0 0 0 0 0 0 0 0 0
#G4 0
#Q 
#P0 -0.229 0.0845 -4.2 0.202 0.4835 0.004 
#N 7
#L Mirror z    Epoch  vdlb  diodo  kapton  monitor  Seconds
-4.7  10290576 0 19969 6786 1 0.1
-4.6665  10290577 0 20192 6809 1 0.1
-4.6335  10290578 0 20276 6803 1 0.1
-4.6  10290579 0 20482 6796 1 0.1
-4.5665  10290580 0 20623 6804 1 0.1
-4.5335  10290581 0 20702 6807 1 0.1
-4.5  10290582 0 20801 6805 1 0.1
-4.4665  10290583 0 20916 6804 1 0.1
-4.4335  10290584 0 21064 6805 1 0.1
-4.4  10290585 0 21162 6799 1 0.1
-4.3665  10290586 0 21297 6797 1 0.1
-4.3335  10290587 0 21415 6802 1 0.1
-4.3  10290588 0 21565 6804 1 0.1
-4.2665  10290589 0 21634 6796 1 0.1
-4.2335  10290590 0 21744 6786 1 0.1
-4.2  10290591 0 21938 6813 1 0.1
-4.1665  10290592 0 22061 6795 1 0.1
-4.1335  10290593 0 22228 6801 1 0.1
-4.1  10290594 0 22334 6807 1 0.1
-4.0665  10290595 0 22472 6803 1 0.1
-4.0335  10290596 0 22552 6802 1 0.1
-4  10290597 0 22580 6808 1 0.1
-3.9665  10290598 0 22586 6797 1 0.1
-3.9335  10290598 0 22588 6797 1 0.1
-3.9  10290600 0 22587 6802 1 0.1
-3.8665  10290601 0 22614 6801 1 0.1
-3.8335  10290602 0 22607 6808 1 0.1
-3.8  10290603 0 22491 6793 1 0.1
-3.7665  10290604 0 22547 6798 1 0.1
-3.7335  10290604 0 22478 6788 1 0.1
-3.7  10290606 0 22428 6794 1 0.1

#S 5  ascan  z -4.4 -3.4  30 0.1
#D Sat Mar 03 14:56:07 2007
#T 0.1  (Seconds)
#G0 0
#G1 0 0 0 0 0 0 0 0 0 0 0 0 0 0 0 0 0 0 0 0 0 0 0 0 0 0 0 0 0 0 0 0
#G3 0 0 0 0 0 0 0 0 0
#G4 0
#Q 
#P0 -0.228 0.08 -3.9 0.2045 0.484 0.002 
#N 7
#L Mirror z    Epoch  vdlb  diodo  kapton  monitor  Seconds
-4.4  10290680 0 21201 6800 1 0.1
-4.3665  10290681 0 21272 6794 1 0.1
-4.3335  10290682 0 21396 6794 1 0.1
-4.3  10290683 0 21486 6798 1 0.1
-4.2665  10290684 0 21637 6798 1 0.1
-4.2335  10290685 0 21782 6792 1 0.1
-4.2  10290686 0 21868 6797 1 0.1
-4.1665  10290687 0 22007 6785 1 0.1
-4.1335  10290688 0 22175 6780 1 0.1
-4.1  10290689 0 22294 6792 1 0.1
-4.0665  10290690 0 22407 6800 1 0.1
-4.0335  10290691 0 22557 6801 1 0.1
-4  10290692 0 22549 6794 1 0.1
-3.9665  10290693 0 22561 6793 1 0.1
-3.9335  10290694 0 22585 6795 1 0.1
-3.9  10290695 0 22570 6804 1 0.1
-3.8665  10290696 0 22588 6803 1 0.1
-3.8335  10290697 0 22507 6792 1 0.1
-3.8  10290698 0 22495 6800 1 0.1
-3.7665  10290699 0 22456 6795 1 0.1
-3.7335  10290700 0 22388 6786 1 0.1
-3.7  10290701 0 22382 6798 1 0.1
-3.6665  10290702 0 22403 6799 1 0.1
-3.6335  10290703 0 22307 6795 1 0.1
-3.6  10290704 0 22185 6789 1 0.1
-3.5665  10290705 0 22082 6784 1 0.1
-3.5335  10290706 0 21923 6795 1 0.1
-3.5  10290707 0 21782 6796 1 0.1
-3.4665  10290708 0 21560 6792 1 0.1
-3.4335  10290709 0 21456 6790 1 0.1
-3.4  10290710 0 21176 6790 1 0.1

#S 6  ascan  z -8.6 -7.6  30 0.1
#D Sat Mar 10 12:35:25 2007
#T 0.1  (Seconds)
#G0 0
#G1 0 0 0 0 0 0 0 0 0 0 0 0 0 0 0 0 0 0 0 0 0 0 0 0 0 0 0 0 0 0 0 0
#G3 0 0 0 0 0 0 0 0 0
#G4 0
#Q 
#P0 -0.2265 0.075 -8.1 0.207 0.1845 0.0005 
#N 7
#L Mirror z    Epoch  vdlb  diodo  kapton  monitor  Seconds
-8.6  10887038 0 29224 80412 1 0.1
-8.5665  10887039 0 32293 80402 1 0.1
-8.5335  10887040 0 33783 80435 1 0.1
-8.5  10887041 0 34673 80398 1 0.1
-8.4665  10887042 0 35050 80391 1 0.1
-8.4335  10887043 0 35303 80410 1 0.1
-8.4  10887044 0 35476 80463 1 0.1
-8.3665  10887045 0 35675 80471 1 0.1
-8.3335  10887046 0 35804 80491 1 0.1
-8.3  10887047 0 35899 80481 1 0.1
-8.2665  10887048 0 35830 80456 1 0.1
-8.2335  10887049 0 35791 80436 1 0.1
-8.2  10887050 0 35763 80480 1 0.1
-8.1665  10887051 0 35755 80365 1 0.1
-8.1335  10887052 0 35737 80452 1 0.1
-8.1  10887053 0 35633 80381 1 0.1
-8.0665  10887054 0 35536 80472 1 0.1
-8.0335  10887055 0 35252 80404 1 0.1
-8  10887056 0 34930 80466 1 0.1
-7.9665  10887057 0 34612 80446 1 0.1
-7.9335  10887058 0 33992 80435 1 0.1
-7.9  10887059 0 33359 80368 1 0.1
-7.8665  10887060 0 32703 80512 1 0.1
-7.8335  10887061 0 31957 80572 1 0.1
-7.8  10887062 0 31079 80532 1 0.1
-7.7665  10887063 0 30025 80414 1 0.1
-7.7335  10887064 0 28977 80368 1 0.1
-7.7  10887065 0 27702 80502 1 0.1
-7.6665  10887066 0 26298 80500 1 0.1
-7.6335  10887067 0 24579 80453 1 0.1
-7.6  10887068 0 22110 80610 1 0.1

#S 7  ascan  z -15.9 -11.9  20 1.5
#D Sat Mar 10 13:01:57 2007
#T 1.5  (Seconds)
#G0 0
#G1 0 0 0 0 0 0 0 0 0 0 0 0 0 0 0 0 0 0 0 0 0 0 0 0 0 0 0 0 0 0 0 0
#G3 0 0 0 0 0 0 0 0 0
#G4 0
#Q 
#P0 -0.2275 0.074 -13.9 0.207 0.184 -0.0005 
#N 7
#L Mirror z    Epoch  vdlb  diodo  kapton  monitor  Seconds
-15.9  10888636 0 601 120404 1 1.5
-15.7  10888639 0 2065 120357 1 1.5
-15.5  10888642 0 18107 120345 1 1.5
-15.3  10888645 0 235004 120316 1 1.5
-15.1  10888648 0 353776 120291 1 1.5
-14.9  10888651 0 392717 120276 1 1.5
-14.7  10888654 0 399582 120306 1 1.5
-14.5  10888657 0 401322 120308 1 1.5
-14.3  10888660 0 400670 120318 1 1.5
-14.1  10888663 0 402181 120314 1 1.5
-13.9  10888666 0 399907 120322 1 1.5
-13.7  10888669 0 384251 120361 1 1.5
-13.5  10888672 0 337835 120337 1 1.5
-13.3  10888676 0 266088 120325 1 1.5
-13.1  10888679 0 183719 120369 1 1.5
-12.9  10888682 0 96392 120344 1 1.5
-12.7  10888685 0 30998 120331 1 1.5
-12.5  10888688 0 2364 120308 1 1.5
-12.3  10888691 0 0 120392 1 1.5
-12.1  10888694 0 0 120369 1 1.5
-11.9  10888697 0 0 120409 1 1.5

#S 8  ascan  z -15.2365 -11.2365  20 1.5
#D Sat Mar 10 13:22:12 2007
#T 1.5  (Seconds)
#G0 0
#G1 0 0 0 0 0 0 0 0 0 0 0 0 0 0 0 0 0 0 0 0 0 0 0 0 0 0 0 0 0 0 0 0
#G3 0 0 0 0 0 0 0 0 0
#G4 0
#Q 
#P0 -0.2275 0.074 -13.2365 0.2075 0.1825 -0.001 
#N 7
#L Mirror z    Epoch  vdlb  diodo  kapton  monitor  Seconds
-15.2365  10889851 0 0 35258 1 1.5
-15.0365  10889854 0 583 35282 1 1.5
-14.8365  10889858 0 12270 35272 1 1.5
-14.6365  10889861 0 32337 35274 1 1.5
-14.4365  10889864 0 46699 35283 1 1.5
-14.2365  10889867 0 60783 35302 1 1.5
-14.0365  10889870 0 77339 35297 1 1.5
-13.8365  10889873 0 89299 35293 1 1.5
-13.6365  10889876 0 91736 35277 1 1.5
-13.4365  10889879 0 92228 35257 1 1.5
-13.2365  10889882 0 92810 35250 1 1.5
-13.0365  10889885 0 94155 35280 1 1.5
-12.8365  10889888 0 93429 35274 1 1.5
-12.6365  10889891 0 88589 35259 1 1.5
-12.4365  10889894 0 76604 35271 1 1.5
-12.2365  10889897 0 59136 35267 1 1.5
-12.0365  10889900 0 42814 35269 1 1.5
-11.8365  10889903 0 26757 35263 1 1.5
-11.6365  10889906 0 8319 35255 1 1.5
-11.4365  10889909 0 101 35263 1 1.5
-11.2365  10889912 0 0 35243 1 1.5

#S 9  ascan  z -15.2365 -11.2365  20 1.5
#D Sat Mar 10 15:36:29 2007
#T 1.5  (Seconds)
#G0 0
#G1 0 0 0 0 0 0 0 0 0 0 0 0 0 0 0 0 0 0 0 0 0 0 0 0 0 0 0 0 0 0 0 0
#G3 0 0 0 0 0 0 0 0 0
#G4 0
#Q 
#P0 -0.228 0.0735 -13.2365 0.2075 0.1825 -0.0005 
#N 7
#L Mirror z    Epoch  vdlb  diodo  kapton  monitor  Seconds
-15.2365  10897908 0 0 33415 1 1.5
-15.0365  10897911 0 66 33420 1 1.5
-14.8365  10897915 0 2165 33424 1 1.5
-14.6365  10897918 0 23268 33430 1 1.5
-14.4365  10897921 0 39114 33431 1 1.5
-14.2365  10897924 0 52528 33427 1 1.5
-14.0365  10897927 0 68161 33421 1 1.5
-13.8365  10897930 0 80152 33429 1 1.5
-13.6365  10897933 0 82985 33445 1 1.5
-13.4365  10897936 0 83577 33423 1 1.5
-13.2365  10897939 0 84498 33433 1 1.5
-13.0365  10897942 0 85215 33436 1 1.5
-12.8365  10897945 0 84418 33420 1 1.5
-12.6365  10897948 0 80396 33421 1 1.5
-12.4365  10897951 0 70650 33416 1 1.5
-12.2365  10897954 0 56021 33406 1 1.5
-12.0365  10897957 0 41190 33426 1 1.5
-11.8365  10897960 0 25828 33420 1 1.5
-11.6365  10897963 0 9278 33420 1 1.5
-11.4365  10897966 0 399 33439 1 1.5
-11.2365  10897969 0 0 33418 1 1.5

#S 10  ascan  roty -0.018 0.382  20 1.5
#D Sat Mar 10 15:44:08 2007
#T 1.5  (Seconds)
#G0 0
#G1 0 0 0 0 0 0 0 0 0 0 0 0 0 0 0 0 0 0 0 0 0 0 0 0 0 0 0 0 0 0 0 0
#G3 0 0 0 0 0 0 0 0 0
#G4 0
#Q 
#P0 -0.228 0.0735 -13.2365 0.208 0.182 -0.0005 
#N 7
#L Mirror Theta    Epoch  vdlb  diodo  kapton  monitor  Seconds
-0.018  10898361 0 389 33337 1 1.5
0.002  10898365 0 1157 33347 1 1.5
0.022  10898368 0 6862 33331 1 1.5
0.042  10898372 0 68573 33349 1 1.5
0.062  10898375 0 80147 33333 1 1.5
0.082  10898378 0 81622 33353 1 1.5
0.102  10898382 0 82352 33343 1 1.5
0.122  10898385 0 82637 33356 1 1.5
0.142  10898388 0 83147 33336 1 1.5
0.162  10898392 0 83599 33328 1 1.5
0.182  10898395 0 84998 33334 1 1.5
0.202  10898398 0 84982 33317 1 1.5
0.222  10898402 0 86951 33344 1 1.5
0.242  10898405 0 91596 33329 1 1.5
0.262  10898408 0 92874 33328 1 1.5
0.282  10898412 0 90542 33334 1 1.5
0.302  10898415 0 87348 33331 1 1.5
0.322  10898418 0 82853 33349 1 1.5
0.342  10898422 0 39278 33337 1 1.5
0.362  10898425 0 4389 33334 1 1.5
0.382  10898428 0 815 33347 1 1.5
