#F /data/id16/inhouse/data/run1_07/run7_he2274/setup1702
#E 1171383767
#D Sat Feb 17 16:26:08 2007
#C raman  User = opid16
#O0  Table y   table z  An. 2theta  Sample x  Sample y  Sample z  Sam. theta  Sam. chi1
#O1 Sam. chi2   Anal. x   Anal th  Anal chi   Anal. y   Anal. z  Detector x  Detector y
#O2 Detector z  Detector rot  BackScat z  BackScat y    Energy      RMTh      R2Th       T2X
#O3     U35U      U35M      U35d  Post Mono  Mirror Theta    kapton     Det.y     Blade
#O4 Medipix x  APD LLTH    Window        HV  Cryostat     rhgap      rhof     rvgap
#O5     rvof   paralel  ortogonal  arbitrary  Mirror z     rev12     euro1       dsy
#O6      dsx      kspace  

#S 1  ascan  achi -0.5 0.5  50 0.1
#D Sat Feb 17 16:26:44 2007
#T 0.1  (Seconds)
#G0 0
#G1 0 0 0 0 0 0 0 0 0 0 0 0 0 0 0 0 0 0 0 0 0 0 0 0 0 0 0 0 0 0 0 0
#G3 0 0 0 0 0 0 0 0 0
#G4 0
#Q 
#P0 117.46 50.442406 30.76 0 0 0 1.99 0
#P1 -14.4808 1040.9913 0 0 23.45 0.51415 24.47 -62.7139
#P2 13.25 146.3026 3 19.8325 7.9069248 14.4808 0.70366611 82.220746
#P3 50.005001 50.000374 12.30875 -2.11e-05 0.47235424 88 30.567601 18.72
#P4 16.4475 0.18000001 0.050066924 300 -23.13 5 3.2718589e-07 2
#P5 -1.8498798e-07 9.0595 -1.28 77 -0.9 1 156.48 5.0000003
#P6 2.0245169  8.99875 
#UMI0 Current  AM   SH  U35u_Gap  U35u_Taper U35m_Gap  U35m_Taper 1=U26-2=U32_Gap  1=U26-2=U32_Taper XBPM1X  XBPM1Z  XBPM1Q SB_CURR
#UMI1  170.50  ON AUTO    50.0050   -0.2615   50.0004   -0.0026   12.3088    1.0000   0.03   0.18   0.00   0.330
#UMI2 Refill in 16400 sec, Fill Mode: uniform multibunch / Message: Feb 17 09:03 Delivery:Next Refill at 21:00;
#N 17
#L Anal chi    Epoch  Seconds  pmonoa  vdla  Keithley  signal  kap  vdlacur  Mach Current  ene  Epmono  diodo  Volpe  Tcryo  monitor  apd
-0.5  342240 0.1 -2.11e-05 31727 254.4434 0 18740 -68273 170.49139 0.053434855 0 1 0 0 4624 0
-0.48  342242 0.1 -2.11e-05 31579 255.0079 0 18644 -68421 170.49139 0.053434855 0 1 0 0 4603 4
-0.46  342244 0.1 -2.11e-05 31789 256.4752 0 18794 -68211 170.49139 0.053434855 0 1 0 0 4641 1
-0.44  342246 0.1 -2.11e-05 31820 256.8155 0 18794 -68180 170.48659 0.053434855 0 1 0 0 4639 5
-0.42  342248 0.1 -2.11e-05 31768 256.9362 0 18799 -68232 170.48659 0.053434855 0 1 0 0 4637 3

#S 2  ascan  achi 0.1 -0.9  50 0.1
#D Sat Feb 17 16:27:02 2007
#T 0.1  (Seconds)
#G0 0
#G1 0 0 0 0 0 0 0 0 0 0 0 0 0 0 0 0 0 0 0 0 0 0 0 0 0 0 0 0 0 0 0 0
#G3 0 0 0 0 0 0 0 0 0
#G4 0
#Q 
#P0 117.46 50.442406 30.76 0 0 0 1.99 0
#P1 -14.4808 1040.9913 0 -0.4 23.45 0.51415 24.47 -62.7139
#P2 13.25 146.3026 3 19.8325 7.9069248 14.4808 0.70366611 82.220746
#P3 50.005001 50.000374 12.30875 -2.11e-05 0.47235424 88 30.567601 18.72
#P4 16.4475 0.18000001 0.050066924 300 -23.13 5 3.2718589e-07 2
#P5 -1.8498798e-07 9.0595 -1.28 77 -0.9 1 156.48 5.0000003
#P6 2.0245169  8.99875 
#UMI0 Current  AM   SH  U35u_Gap  U35u_Taper U35m_Gap  U35m_Taper 1=U26-2=U32_Gap  1=U26-2=U32_Taper XBPM1X  XBPM1Z  XBPM1Q SB_CURR
#UMI1  170.48  ON AUTO    50.0050   -0.2615   50.0004   -0.0026   12.3088    1.0000   0.02   0.18   0.00   0.330
#UMI2 Refill in 16381 sec, Fill Mode: uniform multibunch / Message: Feb 17 09:03 Delivery:Next Refill at 21:00;
#N 17
#L Anal chi    Epoch  Seconds  pmonoa  vdla  Keithley  signal  kap  vdlacur  Mach Current  ene  Epmono  diodo  Volpe  Tcryo  monitor  apd
0.1  342259 0.1 -2.11e-05 31792 256.7324 0 18782 -68208 170.47075 0.053434855 0 1 0 0 4639 0
0.08  342260 0.1 -2.11e-05 31788 257.0791 0 18780 -68212 170.47075 0.053434855 0 1 0 0 4634 1
0.06  342261 0.1 -2.11e-05 31799 257.115 0 18763 -68201 170.47075 0.053434855 0 1 0 0 4637 1
0.04  342262 0.1 -2.11e-05 31803 257.0944 0 18772 -68197 170.47075 0.053434855 0 1 0 0 4637 2
0.02  342263 0.1 -2.11e-05 31789 257.1121 0 18779 -68211 170.47075 0.053434855 0 1 0 0 4638 3
0  342264 0.1 -2.11e-05 31733 256.9563 0 18771 -68267 170.47075 0.053434855 0 1 0 0 4639 2
-0.02  342264 0.1 -2.11e-05 31751 257.0267 0 18766 -68249 170.4653 0.053434855 0 1 0 0 4634 2
-0.04  342265 0.1 -2.11e-05 31705 256.9396 0 18752 -68295 170.4653 0.053434855 0 1 0 0 4629 0
-0.06  342266 0.1 -2.11e-05 31748 256.9958 0 18761 -68252 170.4653 0.053434855 0 1 0 0 4633 2
-0.08  342267 0.1 -2.11e-05 31739 256.9676 0 18735 -68261 170.4653 0.053434855 0 1 0 0 4626 2
-0.1  342268 0.1 -2.11e-05 31800 256.7741 0 18776 -68200 170.4653 0.053434855 0 1 0 0 4636 5
-0.12  342269 0.1 -2.11e-05 31768 256.9399 0 18785 -68232 170.4653 0.053434855 0 1 0 0 4636 4
-0.14  342269 0.1 -2.11e-05 31827 256.899 0 18787 -68173 170.4653 0.053434855 0 1 0 0 4639 3
-0.16  342271 0.1 -2.11e-05 31750 256.6888 0 18780 -68250 170.4653 0.053434855 0 1 0 0 4634 7
-0.18  342272 0.1 -2.11e-05 31776 256.8486 0 18793 -68224 170.4653 0.053434855 0 1 0 0 4635 25
-0.2  342273 0.1 -2.11e-05 31636 256.8124 0 18730 -68364 170.4653 0.053434855 0 1 0 0 4620 2896
-0.22  342274 0.1 -2.11e-05 31762 256.7649 0 18786 -68238 170.4653 0.053434855 0 1 0 0 4643 3655
-0.24  342274 0.1 -2.11e-05 31786 256.6801 0 18794 -68214 170.4653 0.053434855 0 1 0 0 4639 3474
-0.26  342275 0.1 -2.11e-05 31788 256.7585 0 18785 -68212 170.45963 0.053434855 0 1 0 0 4639 2643
-0.28  342276 0.1 -2.11e-05 31834 256.7771 0 18788 -68166 170.45963 0.053434855 0 1 0 0 4638 1125
-0.3  342277 0.1 -2.11e-05 31788 256.6865 0 18795 -68212 170.45963 0.053434855 0 1 0 0 4636 179

#S 3  ascan  achi -0.131625 -0.331625  30 0.1
#D Sat Feb 17 16:27:40 2007
#T 0.1  (Seconds)
#G0 0
#G1 0 0 0 0 0 0 0 0 0 0 0 0 0 0 0 0 0 0 0 0 0 0 0 0 0 0 0 0 0 0 0 0
#G3 0 0 0 0 0 0 0 0 0
#G4 0
#Q 
#P0 117.46 50.442406 30.76 0 0 0 1.99 0
#P1 -14.4808 1040.9913 0 -0.231625 23.45 0.51415 24.47 -62.7139
#P2 13.25 146.3026 3 19.8325 7.9069248 14.4808 0.70366611 82.220746
#P3 50.005001 50.000374 12.30875 -2.11e-05 0.47235424 88 30.567601 18.72
#P4 16.4475 0.18000001 0.050066924 300 -23.13 5 3.2718589e-07 2
#P5 -1.8498798e-07 9.0595 -1.28 77 -0.9 1 156.48 5.0000003
#P6 2.0245169  8.99875 
#UMI0 Current  AM   SH  U35u_Gap  U35u_Taper U35m_Gap  U35m_Taper 1=U26-2=U32_Gap  1=U26-2=U32_Taper XBPM1X  XBPM1Z  XBPM1Q SB_CURR
#UMI1  170.44  ON AUTO    50.0050   -0.2615   50.0004   -0.0026   12.3088    1.0000   0.03   0.18   0.00   0.330
#UMI2 Refill in 16340 sec, Fill Mode: uniform multibunch / Message: Feb 17 09:03 Delivery:Next Refill at 21:00;
#N 17
#L Anal chi    Epoch  Seconds  pmonoa  vdla  Keithley  signal  kap  vdlacur  Mach Current  ene  Epmono  diodo  Volpe  Tcryo  monitor  apd
-0.131625  342295 0.1 -2.11e-05 31798 255.8857 0 18798 -68202 170.44012 0.053434855 0 1 0 0 4640 5
-0.13825  342295 0.1 -2.11e-05 31766 255.6437 0 18759 -68234 170.44012 0.053434855 0 1 0 0 4630 4
-0.145  342296 0.1 -2.11e-05 31787 256.0812 0 18770 -68213 170.44012 0.053434855 0 1 0 0 4631 5
-0.151625  342297 0.1 -2.11e-05 31805 255.7681 0 18779 -68195 170.44012 0.053434855 0 1 0 0 4637 5
-0.15825  342298 0.1 -2.11e-05 31808 255.656 0 18773 -68192 170.44012 0.053434855 0 1 0 0 4633 6
-0.165  342299 0.1 -2.11e-05 31654 255.1687 0 18728 -68346 170.44012 0.053434855 0 1 0 0 4627 5
-0.171625  342299 0.1 -2.11e-05 31776 255.4318 0 18762 -68224 170.44012 0.053434855 0 1 0 0 4632 10
-0.17825  342301 0.1 -2.11e-05 31726 255.4743 0 18741 -68274 170.43414 0.053434855 0 1 0 0 4629 14
-0.185  342302 0.1 -2.11e-05 31768 255.8237 0 18771 -68232 170.43414 0.053434855 0 1 0 0 4635 218
-0.191625  342302 0.1 -2.11e-05 31657 255.75 0 18744 -68343 170.43414 0.053434855 0 1 0 0 4627 907
-0.19825  342303 0.1 -2.11e-05 31783 255.0748 0 18776 -68217 170.43414 0.053434855 0 1 0 0 4632 2399
-0.205  342304 0.1 -2.11e-05 31692 254.7988 0 18734 -68308 170.43414 0.053434855 0 1 0 0 4624 3310
-0.211625  342305 0.1 -2.11e-05 31823 255.4941 0 18775 -68177 170.43414 0.053434855 0 1 0 0 4636 3744
-0.21825  342306 0.1 -2.11e-05 31796 255.5192 0 18790 -68204 170.42749 0.053434855 0 1 0 0 4639 3769
-0.225  342306 0.1 -2.11e-05 31608 255.2794 0 18727 -68392 170.42749 0.053434855 0 1 0 0 4621 3851
-0.231625  342307 0.1 -2.11e-05 31805 255.601 0 18773 -68195 170.42749 0.053434855 0 1 0 0 4634 3756
-0.23825  342308 0.1 -2.11e-05 31781 255.6211 0 18790 -68219 170.42749 0.053434855 0 1 0 0 4636 3569
-0.245  342309 0.1 -2.11e-05 31454 254.9871 0 18576 -68546 170.42749 0.053434855 0 1 0 0 4583 3355
-0.251625  342310 0.1 -2.11e-05 31804 255.1893 0 18794 -68196 170.42749 0.053434855 0 1 0 0 4642 3148
-0.25825  342311 0.1 -2.11e-05 31754 255.409 0 18763 -68246 170.42749 0.053434855 0 1 0 0 4629 2991
-0.265  342312 0.1 -2.11e-05 31751 255.3172 0 18792 -68249 170.42175 0.053434855 0 1 0 0 4635 2421
-0.271625  342312 0.1 -2.11e-05 31751 255.3083 0 18786 -68249 170.42175 0.053434855 0 1 0 0 4641 1968
-0.27825  342313 0.1 -2.11e-05 31799 255.3531 0 18767 -68201 170.42175 0.053434855 0 1 0 0 4635 1377
-0.285  342314 0.1 -2.11e-05 31840 255.2669 0 18795 -68160 170.42175 0.053434855 0 1 0 0 4635 840
-0.291625  342315 0.1 -2.11e-05 31749 254.8999 0 18775 -68251 170.42175 0.053434855 0 1 0 0 4633 455
-0.29825  342315 0.1 -2.11e-05 31788 255.3387 0 18783 -68212 170.42175 0.053434855 0 1 0 0 4637 219
-0.305  342316 0.1 -2.11e-05 31700 254.8639 0 18736 -68300 170.42175 0.053434855 0 1 0 0 4621 94
-0.311625  342317 0.1 -2.11e-05 31620 254.3669 0 18700 -68380 170.41528 0.053434855 0 1 0 0 4612 62
-0.31825  342318 0.1 -2.11e-05 31753 255.0479 0 18764 -68247 170.41528 0.053434855 0 1 0 0 4627 39
-0.325  342319 0.1 -2.11e-05 31725 254.8819 0 18754 -68275 170.41528 0.053434855 0 1 0 0 4628 18
-0.331625  342319 0.1 -2.11e-05 31784 255.0889 0 18778 -68216 170.41528 0.053434855 0 1 0 0 4634 12
#C Sat Feb 17 16:28:18 2007.  Anal chi reset from -0.225 to 0.

#S 4  ascan  ath 0.1 -0.1  30 0.1
#D Sat Feb 17 16:28:27 2007
#T 0.1  (Seconds)
#G0 0
#G1 0 0 0 0 0 0 0 0 0 0 0 0 0 0 0 0 0 0 0 0 0 0 0 0 0 0 0 0 0 0 0 0
#G3 0 0 0 0 0 0 0 0 0
#G4 0
#Q 
#P0 117.46 50.442406 30.76 0 0 0 1.99 0
#P1 -14.4808 1040.9913 0 0 23.45 0.51415 24.47 -62.7139
#P2 13.25 146.3026 3 19.8325 7.9069248 14.4808 0.70366611 82.220746
#P3 50.005001 50.000374 12.30875 -2.11e-05 0.47235424 88 30.567601 18.72
#P4 16.4475 0.18000001 0.050066924 300 -23.13 5 3.2718589e-07 2
#P5 -1.8498798e-07 9.0595 -1.28 77 -0.9 1 156.48 5.0000003
#P6 2.0245169  8.99875 
#UMI0 Current  AM   SH  U35u_Gap  U35u_Taper U35m_Gap  U35m_Taper 1=U26-2=U32_Gap  1=U26-2=U32_Taper XBPM1X  XBPM1Z  XBPM1Q SB_CURR
#UMI1  170.40  ON AUTO    50.0050   -0.2615   50.0004   -0.0026   12.3088    1.0000   0.03   0.18   0.00   0.330
#UMI2 Refill in 16298 sec, Fill Mode: uniform multibunch / Message: Feb 17 09:03 Delivery:Next Refill at 21:00;
#N 17
#L Anal th    Epoch  Seconds  pmonoa  vdla  Keithley  signal  kap  vdlacur  Mach Current  ene  Epmono  diodo  Volpe  Tcryo  monitor  apd
0.1  342341 0.1 -2.11e-05 31845 254.337 0 18779 -68155 170.39108 0.053434855 0 1 0 0 4639 509
0.093375  342342 0.1 -2.11e-05 31679 254.2741 0 18738 -68321 170.39108 0.053434855 0 1 0 0 4625 689
0.086625  342343 0.1 -2.11e-05 31722 252.7348 0 18772 -68278 170.39108 0.053434855 0 1 0 0 4635 932
0.08  342344 0.1 -2.11e-05 31773 254.229 0 18762 -68227 170.39108 0.053434855 0 1 0 0 4632 1230
0.073375  342344 0.1 -2.11e-05 31730 253.5013 0 18756 -68270 170.39108 0.053434855 0 1 0 0 4629 1592
0.066625  342346 0.1 -2.11e-05 31720 254.0516 0 18766 -68280 170.39108 0.053434855 0 1 0 0 4634 1885
0.06  342346 0.1 -2.11e-05 31743 254.1299 0 18769 -68257 170.38548 0.053434855 0 1 0 0 4627 2287
0.053375  342347 0.1 -2.11e-05 31808 253.9891 0 18783 -68192 170.38548 0.053434855 0 1 0 0 4635 2645
0.046625  342348 0.1 -2.11e-05 31765 254.1305 0 18753 -68235 170.38548 0.053434855 0 1 0 0 4626 2810
0.04  342349 0.1 -2.11e-05 31733 253.5456 0 18762 -68267 170.38548 0.053434855 0 1 0 0 4632 3243
0.033375  342349 0.1 -2.11e-05 31695 253.5837 0 18729 -68305 170.38548 0.053434855 0 1 0 0 4619 3487
0.026625  342350 0.1 -2.11e-05 31683 253.8636 0 18708 -68317 170.38548 0.053434855 0 1 0 0 4615 3575
0.02  342351 0.1 -2.11e-05 31647 252.7308 0 18719 -68353 170.38548 0.053434855 0 1 0 0 4617 3650
0.013375  342351 0.1 -2.11e-05 31659 253.8263 0 18710 -68341 170.38548 0.053434855 0 1 0 0 4622 3735
0.006625  342352 0.1 -2.11e-05 31739 253.7504 0 18745 -68261 170.38548 0.053434855 0 1 0 0 4622 3663
0  342353 0.1 -2.11e-05 31850 252.9306 0 18793 -68150 170.38548 0.053434855 0 1 0 0 4637 3836
-0.006625  342354 0.1 -2.11e-05 31712 253.9511 0 18751 -68288 170.38548 0.053434855 0 1 0 0 4626 3653
-0.013375  342354 0.1 -2.11e-05 31783 253.8525 0 18767 -68217 170.38548 0.053434855 0 1 0 0 4630 3610
-0.02  342356 0.1 -2.11e-05 31818 253.6475 0 18778 -68182 170.38548 0.053434855 0 1 0 0 4630 3520
-0.026625  342356 0.1 -2.11e-05 31789 253.7266 0 18766 -68211 170.38548 0.053434855 0 1 0 0 4631 3400
-0.033375  342357 0.1 -2.11e-05 31718 252.691 0 18757 -68282 170.37914 0.053434855 0 1 0 0 4624 3036
-0.04  342358 0.1 -2.11e-05 31639 253.4015 0 18684 -68361 170.37914 0.053434855 0 1 0 0 4611 2677
-0.046625  342358 0.1 -2.11e-05 31707 253.2263 0 18750 -68293 170.37914 0.053434855 0 1 0 0 4627 2315
-0.053375  342359 0.1 -2.11e-05 31708 252.6331 0 18728 -68292 170.37914 0.053434855 0 1 0 0 4622 2009
-0.06  342360 0.1 -2.11e-05 31762 253.3008 0 18744 -68238 170.37914 0.053434855 0 1 0 0 4626 1645
-0.066625  342361 0.1 -2.11e-05 31802 253.0999 0 18716 -68198 170.37914 0.053434855 0 1 0 0 4618 1253
-0.073375  342361 0.1 -2.11e-05 31738 253.1884 0 18752 -68262 170.37914 0.053434855 0 1 0 0 4630 881
-0.08  342362 0.1 -2.11e-05 31722 253.0979 0 18760 -68278 170.37482 0.053434855 0 1 0 0 4628 672
-0.086625  342363 0.1 -2.11e-05 31599 253.046 0 18684 -68401 170.37482 0.053434855 0 1 0 0 4613 504
-0.093375  342364 0.1 -2.11e-05 31666 252.5482 0 18720 -68334 170.37482 0.053434855 0 1 0 0 4617 326
-0.1  342364 0.1 -2.11e-05 31730 253.2894 0 18731 -68270 170.37482 0.053434855 0 1 0 0 4622 189
#C Sat Feb 17 16:29:05 2007.  Anal th reset from 0.0055 to 0.
