#F /data/id16/inhouse/data/run1_07/run7_he2274/slits
#E 1074777542
#D Tue Feb 13 10:06:17 2007
#C slits  User = opid16
#O0 PSlit up  PSlit down  PSlit front  PSlit back  PSlit V Off  PSlit H Off  PSlit V Gap  PSlit H Ga
#O1   SS1 up  SS1 down  SS1 front  SS1 back  SS1 V Off  SS1 H Off  SS1 V Gap  SS1 H Gap
#O2     euro   CoLensY   CoLensZ  

#S 1  ascan  pvg -0.7 0.9  36 0.1
#D Wed Feb 14 10:41:02 2007
#T 0.1  (Seconds)
#G0 0
#G1 0 0 0 0 0 0 0 0 0 0 0 0 0 0 0 0 0 0 0 0 0 0 0 0 0 0 0 0 0 0 0 0
#G3 0 0 0 0 0 0 0 0 0
#G4 0
#Q 
#P0 1.50955 -1.40955 1.212 0.588 1.45955 -0.312 0.1 1.8
#P1 3.73125 2.26875 3.3025 2.6925 0.73125 0.305 6 5.995
#P2 0 0 0 
#UMI0 Current  AM   SH  U35u_Gap  U35u_Taper U35m_Gap  U35m_Taper 1=U26-2=U32_Gap  1=U26-2=U32_Taper XBPM1X  XBPM1Z  XBPM1Q
#UMI1    0.00 UNKNOWN UNKN     0.0000    0.0000    0.0000    0.0000    0.0000    0.0000   0.02   0.13   0.00
#UMI2 Refill in 0 sec, Fill Mode: uniform multibunch / Message: Feb 14 10:22 Users mode problem solved now: you should be able to move your gap.
#N 10
#L PSlit V Gap    Epoch  vdla  vdlb  kapton  diodo  euro1  serv det  Seconds  Seconds
#C Wed Feb 14 10:41:05 2007.  Scan aborted after 0 points.

#S 2  ascan  pvo 0.65955 2.25955  36 0.1
#D Wed Feb 14 10:41:08 2007
#T 0.1  (Seconds)
#G0 0
#G1 0 0 0 0 0 0 0 0 0 0 0 0 0 0 0 0 0 0 0 0 0 0 0 0 0 0 0 0 0 0 0 0
#G3 0 0 0 0 0 0 0 0 0
#G4 0
#Q 
#P0 1.50955 -1.40955 1.212 0.588 1.45955 -0.312 0.1 1.8
#P1 3.73125 2.26875 3.3025 2.6925 0.73125 0.305 6 5.995
#P2 0 0 0 
#UMI0 Current  AM   SH  U35u_Gap  U35u_Taper U35m_Gap  U35m_Taper 1=U26-2=U32_Gap  1=U26-2=U32_Taper XBPM1X  XBPM1Z  XBPM1Q SB_CURR
#UMI1  188.43  ON AUTO    24.3988   -0.3086   24.2204    0.0026   12.3713    1.0000   0.02   0.13   0.00   0.338
#UMI2 Refill in 37132 sec, Fill Mode: uniform multibunch / Message: Feb 14 10:22 Users mode problem solved now: you should be able to move your gap.
#N 10
#L PSlit V Off    Epoch  vdla  vdlb  kapton  diodo  euro1  serv det  Seconds  Seconds
0.65955  96668534 0 0 102 276 0 1 0.1 0.1
0.704  96668535 0 0 148 276 0 1 0.1 0.1
0.74845  96668536 0 0 203 275 0 1 0.1 0.1
0.7929  96668537 0 0 270 275 0 1 0.1 0.1
0.83735  96668537 0 0 360 274 0 1 0.1 0.1
0.88175  96668538 0 0 443 274 0 1 0.1 0.1
0.9262  96668539 0 0 522 275 0 1 0.1 0.1
0.97065  96668539 0 0 611 276 0 1 0.1 0.1
1.0151  96668540 0 0 701 275 0 1 0.1 0.1
1.05955  96668541 0 0 812 275 0 1 0.1 0.1
1.104  96668542 0 0 955 274 0 1 0.1 0.1
1.14845  96668542 0 0 1111 275 0 1 0.1 0.1
1.1929  96668543 0 0 1275 275 0 1 0.1 0.1
1.23735  96668544 0 0 1422 275 0 1 0.1 0.1
1.28175  96668545 0 0 1492 274 0 1 0.1 0.1
1.3262  96668545 0 0 1503 274 0 1 0.1 0.1
1.37065  96668546 0 0 1442 274 0 1 0.1 0.1
1.4151  96668547 0 0 1322 274 0 1 0.1 0.1
1.45955  96668548 0 0 1172 274 0 1 0.1 0.1
1.504  96668548 0 0 1058 273 0 1 0.1 0.1
1.54845  96668549 0 0 955 274 0 1 0.1 0.1
1.5929  96668550 0 0 857 274 0 1 0.1 0.1
1.63735  96668551 0 0 778 275 0 1 0.1 0.1
1.68175  96668551 0 0 714 275 0 1 0.1 0.1
1.7262  96668552 0 0 598 276 0 1 0.1 0.1
1.77065  96668553 0 0 425 274 0 1 0.1 0.1
1.8151  96668553 0 0 268 274 0 1 0.1 0.1
1.85955  96668554 0 0 206 275 0 1 0.1 0.1
1.904  96668555 0 0 149 274 0 1 0.1 0.1
1.94845  96668556 0 0 99 275 0 1 0.1 0.1
1.9929  96668556 0 0 65 275 0 1 0.1 0.1
2.03735  96668557 0 0 42 274 0 1 0.1 0.1
2.08175  96668558 0 0 30 275 0 1 0.1 0.1
2.1262  96668559 0 0 23 276 0 1 0.1 0.1
2.17065  96668559 0 0 18 275 0 1 0.1 0.1
2.2151  96668560 0 0 17 276 0 1 0.1 0.1
2.25955  96668561 0 0 16 275 0 1 0.1 0.1

#S 3  ascan  pvo 0.65955 2.25955  36 0.1
#D Wed Feb 14 10:43:53 2007
#T 0.1  (Seconds)
#G0 0
#G1 0 0 0 0 0 0 0 0 0 0 0 0 0 0 0 0 0 0 0 0 0 0 0 0 0 0 0 0 0 0 0 0
#G3 0 0 0 0 0 0 0 0 0
#G4 0
#Q 
#P0 1.50955 -1.40955 1.212 0.588 1.45955 -0.312 0.1 1.8
#P1 3.73125 2.26875 3.3025 2.6925 0.73125 0.305 6 5.995
#P2 0 0 0 
#UMI0 Current  AM   SH  U35u_Gap  U35u_Taper U35m_Gap  U35m_Taper 1=U26-2=U32_Gap  1=U26-2=U32_Taper XBPM1X  XBPM1Z  XBPM1Q SB_CURR
#UMI1  188.23  ON AUTO    24.4025   -0.3034   24.2304    0.0078   12.3025    1.0000   0.03   0.13   0.00   0.337
#UMI2 Refill in 36967 sec, Fill Mode: uniform multibunch / Message: Feb 14 10:22 Users mode problem solved now: you should be able to move your gap.
#N 10
#L PSlit V Off    Epoch  vdla  vdlb  kapton  diodo  euro1  serv det  Seconds  Seconds
0.65955  96668700 0 0 104 274 0 1 0.1 0.1
0.704  96668700 0 0 144 273 0 1 0.1 0.1
0.74845  96668701 0 0 204 274 0 1 0.1 0.1
0.7929  96668702 0 0 284 275 0 1 0.1 0.1
0.83735  96668703 0 0 372 273 0 1 0.1 0.1
0.88175  96668703 0 0 453 275 0 1 0.1 0.1
0.9262  96668704 0 0 518 274 0 1 0.1 0.1
0.97065  96668705 0 0 582 272 0 1 0.1 0.1
1.0151  96668706 0 0 639 273 0 1 0.1 0.1
1.05955  96668706 0 0 705 273 0 1 0.1 0.1
1.104  96668707 0 0 790 274 0 1 0.1 0.1
1.14845  96668708 0 0 903 275 0 1 0.1 0.1
1.1929  96668708 0 0 1058 273 0 1 0.1 0.1
1.23735  96668709 0 0 1216 273 0 1 0.1 0.1
1.28175  96668710 0 0 1338 274 0 1 0.1 0.1
1.3262  96668711 0 0 1412 274 0 1 0.1 0.1
1.37065  96668711 0 0 1420 274 0 1 0.1 0.1
1.4151  96668712 0 0 1326 275 0 1 0.1 0.1
1.45955  96668713 0 0 1170 273 0 1 0.1 0.1
1.504  96668714 0 0 1036 274 0 1 0.1 0.1
1.54845  96668714 0 0 899 274 0 1 0.1 0.1
1.5929  96668715 0 0 755 275 0 1 0.1 0.1
1.63735  96668716 0 0 633 275 0 1 0.1 0.1
1.68175  96668717 0 0 529 274 0 1 0.1 0.1
1.7262  96668717 0 0 401 274 0 1 0.1 0.1
1.77065  96668718 0 0 258 275 0 1 0.1 0.1
1.8151  96668719 0 0 143 274 0 1 0.1 0.1
1.85955  96668720 0 0 102 275 0 1 0.1 0.1
1.904  96668720 0 0 70 275 0 1 0.1 0.1
1.94845  96668721 0 0 47 274 0 1 0.1 0.1
1.9929  96668722 0 0 36 275 0 1 0.1 0.1
2.03735  96668723 0 0 25 274 0 1 0.1 0.1
2.08175  96668723 0 0 23 275 0 1 0.1 0.1
2.1262  96668724 0 0 19 274 0 1 0.1 0.1
2.17065  96668725 0 0 16 274 0 1 0.1 0.1
2.2151  96668725 0 0 15 274 0 1 0.1 0.1
2.25955  96668726 0 0 15 273 0 1 0.1 0.1

#S 4  ascan  pvo 0.65955 2.25955  36 0.1
#D Wed Feb 14 10:45:52 2007
#T 0.1  (Seconds)
#G0 0
#G1 0 0 0 0 0 0 0 0 0 0 0 0 0 0 0 0 0 0 0 0 0 0 0 0 0 0 0 0 0 0 0 0
#G3 0 0 0 0 0 0 0 0 0
#G4 0
#Q 
#P0 1.50955 -1.40955 1.212 0.588 1.45955 -0.312 0.1 1.8
#P1 3.73125 2.26875 3.3025 2.6925 0.73125 0.305 6 5.995
#P2 0 0 0 
#UMI0 Current  AM   SH  U35u_Gap  U35u_Taper U35m_Gap  U35m_Taper 1=U26-2=U32_Gap  1=U26-2=U32_Taper XBPM1X  XBPM1Z  XBPM1Q SB_CURR
#UMI1  188.09  ON AUTO    24.4025   -0.3034   24.2304    0.0078   12.3025    1.0000   0.03   0.13   0.00   0.336
#UMI2 Refill in 36850 sec, Fill Mode: uniform multibunch / Message: Feb 14 10:22 Users mode problem solved now: you should be able to move your gap.
#N 10
#L PSlit V Off    Epoch  vdla  vdlb  kapton  diodo  euro1  serv det  Seconds  Seconds
0.65955  96668818 107 0 566 273 0 1 0.1 0.1
0.704  96668819 148 0 829 274 0 1 0.1 0.1
0.74845  96668820 212 0 1200 273 0 1 0.1 0.1
0.7929  96668820 294 0 1646 275 0 1 0.1 0.1
0.83735  96668821 378 0 2130 274 0 1 0.1 0.1
0.88175  96668822 461 0 2590 274 0 1 0.1 0.1
0.9262  96668822 528 0 2983 275 0 1 0.1 0.1
0.97065  96668823 588 0 3339 274 0 1 0.1 0.1
1.0151  96668824 646 0 3702 275 0 1 0.1 0.1
1.05955  96668825 708 0 4100 274 0 1 0.1 0.1
1.104  96668825 797 0 4690 274 0 1 0.1 0.1
1.14845  96668826 912 0 5424 275 0 1 0.1 0.1
1.1929  96668827 1069 0 6323 274 0 1 0.1 0.1
1.23735  96668828 1229 0 7241 274 0 1 0.1 0.1
1.28175  96668828 1343 0 7885 274 0 1 0.1 0.1
1.3262  96668829 1415 0 8187 274 0 1 0.1 0.1
1.37065  96668830 1416 0 7999 275 0 1 0.1 0.1
1.4151  96668831 1314 0 7383 274 0 1 0.1 0.1
1.45955  96668831 1174 0 6658 274 0 1 0.1 0.1
1.504  96668832 1028 0 5902 275 0 1 0.1 0.1
1.54845  96668833 880 0 5139 274 0 1 0.1 0.1
1.5929  96668834 738 0 4353 275 0 1 0.1 0.1
1.63735  96668834 623 0 3720 274 0 1 0.1 0.1
1.68175  96668835 522 0 3131 274 0 1 0.1 0.1
1.7262  96668836 400 0 2386 274 0 1 0.1 0.1
1.77065  96668836 256 0 1515 275 0 1 0.1 0.1
1.8151  96668837 142 0 795 275 0 1 0.1 0.1
1.85955  96668838 96 0 529 274 0 1 0.1 0.1
1.904  96668839 65 0 335 275 0 1 0.1 0.1
1.94845  96668839 45 0 205 276 0 1 0.1 0.1
1.9929  96668840 34 0 99 274 0 1 0.1 0.1
2.03735  96668841 26 0 29 274 0 1 0.1 0.1
2.08175  96668842 23 0 15 274 0 1 0.1 0.1
2.1262  96668842 19 0 12 275 0 1 0.1 0.1
2.17065  96668843 17 0 12 275 0 1 0.1 0.1
2.2151  96668844 15 0 12 275 0 1 0.1 0.1
2.25955  96668845 13 0 12 274 0 1 0.1 0.1

#S 5  ascan  pho -1.812 1.188  30 0.1
#D Wed Feb 14 10:46:49 2007
#T 0.1  (Seconds)
#G0 0
#G1 0 0 0 0 0 0 0 0 0 0 0 0 0 0 0 0 0 0 0 0 0 0 0 0 0 0 0 0 0 0 0 0
#G3 0 0 0 0 0 0 0 0 0
#G4 0
#Q 
#P0 1.85955 -1.05955 0.412 -0.212 1.45955 -0.312 0.8 0.2
#P1 3.73125 2.26875 3.3025 2.6925 0.73125 0.305 6 5.995
#P2 0 0 0 
#UMI0 Current  AM   SH  U35u_Gap  U35u_Taper U35m_Gap  U35m_Taper 1=U26-2=U32_Gap  1=U26-2=U32_Taper XBPM1X  XBPM1Z  XBPM1Q SB_CURR
#UMI1  188.02  ON AUTO    24.4025   -0.3034   24.2304    0.0078   12.3025    1.0000   0.03   0.13   0.00   0.336
#UMI2 Refill in 36791 sec, Fill Mode: uniform multibunch / Message: Feb 14 10:22 Users mode problem solved now: you should be able to move your gap.
#N 10
#L PSlit H Off    Epoch  vdla  vdlb  kapton  diodo  euro1  serv det  Seconds  Seconds
-1.812  96668868 12 0 11 274 0 1 0.1 0.1
-1.712  96668868 12 0 11 274 0 1 0.1 0.1
-1.612  96668869 9 0 10 274 0 1 0.1 0.1
-1.512  96668869 14 0 11 275 0 1 0.1 0.1
-1.412  96668869 14 0 22 274 0 1 0.1 0.1
-1.312  96668870 64 0 315 275 0 1 0.1 0.1
-1.212  96668870 225 0 1244 274 0 1 0.1 0.1
-1.112  96668870 443 0 2490 275 0 1 0.1 0.1
-1.012  96668871 630 0 3539 275 0 1 0.1 0.1
-0.912  96668871 791 0 4444 275 0 1 0.1 0.1
-0.812  96668871 958 0 5394 276 0 1 0.1 0.1
-0.712  96668871 1124 0 6340 275 0 1 0.1 0.1
-0.612  96668872 1254 0 7127 275 0 1 0.1 0.1
-0.512  96668872 1356 0 7746 275 0 1 0.1 0.1
-0.412  96668872 1416 0 8176 275 0 1 0.1 0.1
-0.312  96668873 1439 0 8382 274 0 1 0.1 0.1
-0.212  96668873 1399 0 8216 275 0 1 0.1 0.1
-0.112  96668873 1300 0 7724 274 0 1 0.1 0.1
-0.012  96668874 1163 0 6968 274 0 1 0.1 0.1
0.088  96668874 1003 0 6065 275 0 1 0.1 0.1
0.188  96668874 822 0 5000 275 0 1 0.1 0.1
0.288  96668875 639 0 3900 273 0 1 0.1 0.1
0.388  96668875 457 0 2792 274 0 1 0.1 0.1
0.488  96668875 291 0 1756 275 0 1 0.1 0.1
0.588  96668876 155 0 917 275 0 1 0.1 0.1
0.688  96668876 71 0 400 275 0 1 0.1 0.1
0.788  96668876 33 0 141 275 0 1 0.1 0.1
0.888  96668877 18 0 47 274 0 1 0.1 0.1
0.988  96668877 11 0 18 274 0 1 0.1 0.1
1.088  96668877 12 0 12 275 0 1 0.1 0.1
1.188  96668878 8 0 12 275 0 1 0.1 0.1

#S 6  ascan  pvo 0.65955 2.25955  36 0.1
#D Wed Feb 14 10:47:35 2007
#T 0.1  (Seconds)
#G0 0
#G1 0 0 0 0 0 0 0 0 0 0 0 0 0 0 0 0 0 0 0 0 0 0 0 0 0 0 0 0 0 0 0 0
#G3 0 0 0 0 0 0 0 0 0
#G4 0
#Q 
#P0 1.50955 -1.40955 1.212 0.588 1.45955 -0.312 0.1 1.8
#P1 3.73125 2.26875 3.3025 2.6925 0.73125 0.305 6 5.995
#P2 0 0 0 
#UMI0 Current  AM   SH  U35u_Gap  U35u_Taper U35m_Gap  U35m_Taper 1=U26-2=U32_Gap  1=U26-2=U32_Taper XBPM1X  XBPM1Z  XBPM1Q SB_CURR
#UMI1  187.97  ON AUTO    24.4025   -0.3034   24.2304    0.0078   30.0000    1.0000   0.06   0.13   0.00   0.336
#UMI2 Refill in 36748 sec, Fill Mode: uniform multibunch / Message: Feb 14 10:22 Users mode problem solved now: you should be able to move your gap.
#N 10
#L PSlit V Off    Epoch  vdla  vdlb  kapton  diodo  euro1  serv det  Seconds  Seconds
0.65955  96668921 109 0 585 274 0 1 0.1 0.1
0.704  96668922 152 0 852 275 0 1 0.1 0.1
0.74845  96668923 213 0 1197 273 0 1 0.1 0.1
0.7929  96668924 300 0 1685 274 0 1 0.1 0.1
0.83735  96668924 383 0 2182 273 0 1 0.1 0.1
0.88175  96668925 466 0 2633 274 0 1 0.1 0.1
0.9262  96668926 537 0 3034 275 0 1 0.1 0.1
0.97065  96668926 594 0 3396 275 0 1 0.1 0.1
1.0151  96668927 638 0 3678 275 0 1 0.1 0.1
1.05955  96668928 662 0 3841 275 0 1 0.1 0.1
1.104  96668929 672 0 3943 274 0 1 0.1 0.1
1.14845  96668929 671 0 3955 274 0 1 0.1 0.1
1.1929  96668930 668 0 3947 275 0 1 0.1 0.1
1.23735  96668931 656 0 3861 274 0 1 0.1 0.1
1.28175  96668932 614 0 3589 273 0 1 0.1 0.1
1.3262  96668932 553 0 3156 273 0 1 0.1 0.1
1.37065  96668933 470 0 2609 273 0 1 0.1 0.1
1.4151  96668934 372 0 2062 274 0 1 0.1 0.1
1.45955  96668935 287 0 1575 274 0 1 0.1 0.1
1.504  96668935 222 0 1217 275 0 1 0.1 0.1
1.54845  96668936 169 0 931 275 0 1 0.1 0.1
1.5929  96668937 120 0 668 274 0 1 0.1 0.1
1.63735  96668938 86 0 465 274 0 1 0.1 0.1
1.68175  96668938 60 0 309 275 0 1 0.1 0.1
1.7262  96668939 41 0 198 274 0 1 0.1 0.1
1.77065  96668940 29 0 111 275 0 1 0.1 0.1
1.8151  96668941 19 0 56 275 0 1 0.1 0.1
1.85955  96668941 15 0 40 274 0 1 0.1 0.1
1.904  96668942 15 0 29 275 0 1 0.1 0.1
1.94845  96668943 12 0 23 274 0 1 0.1 0.1
1.9929  96668943 14 0 17 274 0 1 0.1 0.1
2.03735  96668944 11 0 13 275 0 1 0.1 0.1
2.08175  96668945 10 0 12 274 0 1 0.1 0.1
2.1262  96668946 11 0 11 274 0 1 0.1 0.1
2.17065  96668946 12 0 11 274 0 1 0.1 0.1
2.2151  96668947 10 0 11 275 0 1 0.1 0.1
2.25955  96668948 12 0 11 274 0 1 0.1 0.1

#S 7  ascan  pvo 0.32095 1.92095  36 0.1
#D Wed Feb 14 10:53:07 2007
#T 0.1  (Seconds)
#G0 0
#G1 0 0 0 0 0 0 0 0 0 0 0 0 0 0 0 0 0 0 0 0 0 0 0 0 0 0 0 0 0 0 0 0
#G3 0 0 0 0 0 0 0 0 0
#G4 0
#Q 
#P0 1.17095 -1.07095 1.212 0.588 1.12095 -0.312 0.1 1.8
#P1 3.73125 2.26875 3.3025 2.6925 0.73125 0.305 6 5.995
#P2 0 0 0 
#UMI0 Current  AM   SH  U35u_Gap  U35u_Taper U35m_Gap  U35m_Taper 1=U26-2=U32_Gap  1=U26-2=U32_Taper XBPM1X  XBPM1Z  XBPM1Q SB_CURR
#UMI1  187.57  ON AUTO    24.4025   -0.3034   24.2304    0.0078   12.4025    1.0000   0.03   0.13   0.00   0.335
#UMI2 Refill in 36417 sec, Fill Mode: uniform multibunch / Message: Feb 14 10:22 Users mode problem solved now: you should be able to move your gap.
#N 10
#L PSlit V Off    Epoch  vdla  vdlb  kapton  diodo  euro1  serv det  Seconds  Seconds
0.32095  96669254 16 0 37 275 0 1 0.1 0.1
0.3654  96669255 16 0 45 276 0 1 0.1 0.1
0.40985  96669255 19 0 59 275 0 1 0.1 0.1
0.4543  96669256 24 0 82 274 0 1 0.1 0.1
0.49875  96669257 28 0 115 274 0 1 0.1 0.1
0.54315  96669257 40 0 175 274 0 1 0.1 0.1
0.5876  96669258 55 0 275 274 0 1 0.1 0.1
0.63205  96669259 82 0 418 275 0 1 0.1 0.1
0.6765  96669260 118 0 633 275 0 1 0.1 0.1
0.72095  96669260 168 0 940 274 0 1 0.1 0.1
0.7654  96669261 233 0 1317 273 0 1 0.1 0.1
0.80985  96669262 317 0 1795 274 0 1 0.1 0.1
0.8543  96669263 404 0 2277 274 0 1 0.1 0.1
0.89875  96669263 487 0 2767 276 0 1 0.1 0.1
0.94315  96669264 574 0 3266 275 0 1 0.1 0.1
0.9876  96669265 675 0 3869 274 0 1 0.1 0.1
1.03205  96669266 793 0 4553 275 0 1 0.1 0.1
1.0765  96669266 928 0 5450 275 0 1 0.1 0.1
1.12095  96669267 1082 0 6428 274 0 1 0.1 0.1
1.1654  96669268 1229 0 7327 274 0 1 0.1 0.1
1.20985  96669269 1335 0 7959 273 0 1 0.1 0.1
1.2543  96669269 1396 0 8268 274 0 1 0.1 0.1
1.29875  96669270 1378 0 8049 275 0 1 0.1 0.1
1.34315  96669271 1322 0 7562 274 0 1 0.1 0.1
1.3876  96669272 1221 0 6826 275 0 1 0.1 0.1
1.43205  96669272 1074 0 6042 275 0 1 0.1 0.1
1.4765  96669273 960 0 5453 275 0 1 0.1 0.1
1.52095  96669274 878 0 5058 274 0 1 0.1 0.1
1.5654  96669274 805 0 4716 275 0 1 0.1 0.1
1.60985  96669275 749 0 4451 275 0 1 0.1 0.1
1.6543  96669276 709 0 4262 276 0 1 0.1 0.1
1.69875  96669277 679 0 4118 276 0 1 0.1 0.1
1.74315  96669277 548 0 3325 275 0 1 0.1 0.1
1.7876  96669278 393 0 2356 276 0 1 0.1 0.1
1.83205  96669279 276 0 1622 274 0 1 0.1 0.1
1.8765  96669279 217 0 1242 275 0 1 0.1 0.1
1.92095  96669280 156 0 852 275 0 1 0.1 0.1

#S 8  ascan  pvo 0.32095 1.92095  36 0.1
#D Wed Feb 14 10:54:26 2007
#T 0.1  (Seconds)
#G0 0
#G1 0 0 0 0 0 0 0 0 0 0 0 0 0 0 0 0 0 0 0 0 0 0 0 0 0 0 0 0 0 0 0 0
#G3 0 0 0 0 0 0 0 0 0
#G4 0
#Q 
#P0 1.17095 -1.07095 1.212 0.588 1.12095 -0.312 0.1 1.8
#P1 3.73125 2.26875 3.3025 2.6925 0.73125 0.305 6 5.995
#P2 0 0 0 
#UMI0 Current  AM   SH  U35u_Gap  U35u_Taper U35m_Gap  U35m_Taper 1=U26-2=U32_Gap  1=U26-2=U32_Taper XBPM1X  XBPM1Z  XBPM1Q SB_CURR
#UMI1  187.47  ON AUTO    24.4025   -0.3034   24.2304    0.0078   12.3025    1.0000   0.03   0.13   0.00   0.334
#UMI2 Refill in 36334 sec, Fill Mode: uniform multibunch / Message: Feb 14 10:22 Users mode problem solved now: you should be able to move your gap.
#N 10
#L PSlit V Off    Epoch  vdla  vdlb  kapton  diodo  euro1  serv det  Seconds  Seconds
0.32095  96669332 16 0 37 275 0 1 0.1 0.1
0.3654  96669333 17 0 44 274 0 1 0.1 0.1
0.40985  96669334 21 0 58 275 0 1 0.1 0.1
0.4543  96669335 23 0 83 276 0 1 0.1 0.1
0.49875  96669335 31 0 118 274 0 1 0.1 0.1
0.54315  96669336 40 0 182 275 0 1 0.1 0.1
0.5876  96669337 61 0 287 275 0 1 0.1 0.1
0.63205  96669338 85 0 440 275 0 1 0.1 0.1
0.6765  96669338 123 0 667 275 0 1 0.1 0.1
0.72095  96669339 172 0 977 275 0 1 0.1 0.1
0.7654  96669340 241 0 1353 275 0 1 0.1 0.1
0.80985  96669340 324 0 1844 274 0 1 0.1 0.1
0.8543  96669341 412 0 2320 274 0 1 0.1 0.1
0.89875  96669342 486 0 2752 275 0 1 0.1 0.1
0.94315  96669343 549 0 3134 274 0 1 0.1 0.1
0.9876  96669343 612 0 3484 275 0 1 0.1 0.1
1.03205  96669344 670 0 3831 275 0 1 0.1 0.1
1.0765  96669345 736 0 4295 274 0 1 0.1 0.1
1.12095  96669346 832 0 4927 274 0 1 0.1 0.1
1.1654  96669346 972 0 5746 275 0 1 0.1 0.1
1.20985  96669347 1121 0 6644 274 0 1 0.1 0.1
1.2543  96669348 1267 0 7494 275 0 1 0.1 0.1
1.29875  96669349 1378 0 8030 275 0 1 0.1 0.1
1.34315  96669349 1424 0 8134 273 0 1 0.1 0.1
1.3876  96669350 1387 0 7777 274 0 1 0.1 0.1
1.43205  96669351 1256 0 7079 275 0 1 0.1 0.1
1.4765  96669351 1113 0 6332 275 0 1 0.1 0.1
1.52095  96669352 967 0 5594 275 0 1 0.1 0.1
1.5654  96669353 816 0 4764 273 0 1 0.1 0.1
1.60985  96669354 684 0 4035 274 0 1 0.1 0.1
1.6543  96669354 572 0 3422 275 0 1 0.1 0.1
1.69875  96669355 468 0 2831 275 0 1 0.1 0.1
1.74315  96669356 329 0 1974 274 0 1 0.1 0.1
1.7876  96669357 197 0 1148 275 0 1 0.1 0.1
1.83205  96669357 113 0 616 274 0 1 0.1 0.1
1.8765  96669358 77 0 400 274 0 1 0.1 0.1
1.92095  96669359 51 0 248 274 0 1 0.1 0.1

#S 9  ascan  pvo 0.32095 1.92095  36 0.1
#D Wed Feb 14 10:56:17 2007
#T 0.1  (Seconds)
#G0 0
#G1 0 0 0 0 0 0 0 0 0 0 0 0 0 0 0 0 0 0 0 0 0 0 0 0 0 0 0 0 0 0 0 0
#G3 0 0 0 0 0 0 0 0 0
#G4 0
#Q 
#P0 1.17095 -1.07095 1.212 0.588 1.12095 -0.312 0.1 1.8
#P1 3.73125 2.26875 3.3025 2.6925 0.73125 0.305 6 5.995
#P2 0 0 0 
#UMI0 Current  AM   SH  U35u_Gap  U35u_Taper U35m_Gap  U35m_Taper 1=U26-2=U32_Gap  1=U26-2=U32_Taper XBPM1X  XBPM1Z  XBPM1Q SB_CURR
#UMI1  187.34  ON AUTO    35.0025   -0.3034   35.0010    0.0000   12.3025    1.0000   0.03   0.16   0.00   0.334
#UMI2 Refill in 36226 sec, Fill Mode: uniform multibunch / Message: Feb 14 10:22 Users mode problem solved now: you should be able to move your gap.
#N 10
#L PSlit V Off    Epoch  vdla  vdlb  kapton  diodo  euro1  serv det  Seconds  Seconds
0.32095  96669443 29 0 125 274 0 1 0.1 0.1
0.3654  96669444 28 0 112 274 0 1 0.1 0.1
0.40985  96669445 26 0 99 275 0 1 0.1 0.1
0.4543  96669445 24 0 89 272 0 1 0.1 0.1
0.49875  96669446 21 0 78 275 0 1 0.1 0.1
0.54315  96669447 22 0 73 273 0 1 0.1 0.1
0.5876  96669447 22 0 73 271 0 1 0.1 0.1
0.63205  96669448 22 0 75 274 0 1 0.1 0.1
0.6765  96669449 22 0 80 273 0 1 0.1 0.1
0.72095  96669450 21 0 90 273 0 1 0.1 0.1
0.7654  96669450 26 0 104 275 0 1 0.1 0.1
0.80985  96669451 30 0 128 274 0 1 0.1 0.1
0.8543  96669452 32 0 159 275 0 1 0.1 0.1
0.89875  96669453 46 0 214 274 0 1 0.1 0.1
0.94315  96669453 62 0 325 274 0 1 0.1 0.1
0.9876  96669454 86 0 462 275 0 1 0.1 0.1
1.03205  96669455 120 0 663 274 0 1 0.1 0.1
1.0765  96669456 168 0 954 274 0 1 0.1 0.1
1.12095  96669456 234 0 1360 275 0 1 0.1 0.1
1.1654  96669457 320 0 1898 274 0 1 0.1 0.1
1.20985  96669458 427 0 2516 275 0 1 0.1 0.1
1.2543  96669459 541 0 3184 275 0 1 0.1 0.1
1.29875  96669459 640 0 3744 274 0 1 0.1 0.1
1.34315  96669460 734 0 4209 274 0 1 0.1 0.1
1.3876  96669461 805 0 4529 274 0 1 0.1 0.1
1.43205  96669461 829 0 4689 275 0 1 0.1 0.1
1.4765  96669462 839 0 4814 274 0 1 0.1 0.1
1.52095  96669463 845 0 4893 274 0 1 0.1 0.1
1.5654  96669464 810 0 4779 274 0 1 0.1 0.1
1.60985  96669464 745 0 4475 275 0 1 0.1 0.1
1.6543  96669465 667 0 4004 273 0 1 0.1 0.1
1.69875  96669466 552 0 3371 274 0 1 0.1 0.1
1.74315  96669467 389 0 2366 275 0 1 0.1 0.1
1.7876  96669467 232 0 1376 275 0 1 0.1 0.1
1.83205  96669468 130 0 733 274 0 1 0.1 0.1
1.8765  96669469 88 0 486 274 0 1 0.1 0.1
1.92095  96669470 65 0 313 274 0 1 0.1 0.1

#S 10  ascan  pvo 0.32095 1.92095  36 0.1
#D Wed Feb 14 10:57:08 2007
#T 0.1  (Seconds)
#G0 0
#G1 0 0 0 0 0 0 0 0 0 0 0 0 0 0 0 0 0 0 0 0 0 0 0 0 0 0 0 0 0 0 0 0
#G3 0 0 0 0 0 0 0 0 0
#G4 0
#Q 
#P0 1.17095 -1.07095 1.212 0.588 1.12095 -0.312 0.1 1.8
#P1 3.73125 2.26875 3.3025 2.6925 0.73125 0.305 6 5.995
#P2 0 0 0 
#UMI0 Current  AM   SH  U35u_Gap  U35u_Taper U35m_Gap  U35m_Taper 1=U26-2=U32_Gap  1=U26-2=U32_Taper XBPM1X  XBPM1Z  XBPM1Q SB_CURR
#UMI1  187.28  ON AUTO    35.0025   -0.3034   35.0010    0.0000   12.4312    1.0000   0.03   0.17   0.00   0.334
#UMI2 Refill in 36172 sec, Fill Mode: uniform multibunch / Message: Feb 14 10:22 Users mode problem solved now: you should be able to move your gap.
#N 10
#L PSlit V Off    Epoch  vdla  vdlb  kapton  diodo  euro1  serv det  Seconds  Seconds
0.32095  96669494 30 0 134 274 0 1 0.1 0.1
0.3654  96669495 28 0 120 274 0 1 0.1 0.1
0.40985  96669496 26 0 105 275 0 1 0.1 0.1
0.4543  96669496 24 0 93 274 0 1 0.1 0.1
0.49875  96669497 23 0 84 273 0 1 0.1 0.1
0.54315  96669498 23 0 80 274 0 1 0.1 0.1
0.5876  96669499 22 0 83 274 0 1 0.1 0.1
0.63205  96669499 22 0 90 274 0 1 0.1 0.1
0.6765  96669500 28 0 102 273 0 1 0.1 0.1
0.72095  96669501 30 0 128 274 0 1 0.1 0.1
0.7654  96669502 36 0 165 274 0 1 0.1 0.1
0.80985  96669502 46 0 224 274 0 1 0.1 0.1
0.8543  96669503 61 0 315 273 0 1 0.1 0.1
0.89875  96669504 86 0 460 275 0 1 0.1 0.1
0.94315  96669505 128 0 709 274 0 1 0.1 0.1
0.9876  96669505 196 0 1121 275 0 1 0.1 0.1
1.03205  96669506 287 0 1648 275 0 1 0.1 0.1
1.0765  96669507 385 0 2256 275 0 1 0.1 0.1
1.12095  96669507 484 0 2875 275 0 1 0.1 0.1
1.1654  96669508 557 0 3333 274 0 1 0.1 0.1
1.20985  96669509 593 0 3544 273 0 1 0.1 0.1
1.2543  96669510 603 0 3602 272 0 1 0.1 0.1
1.29875  96669510 590 0 3473 273 0 1 0.1 0.1
1.34315  96669511 575 0 3294 273 0 1 0.1 0.1
1.3876  96669512 552 0 3105 273 0 1 0.1 0.1
1.43205  96669513 531 0 2944 274 0 1 0.1 0.1
1.4765  96669513 510 0 2882 274 0 1 0.1 0.1
1.52095  96669514 511 0 2933 275 0 1 0.1 0.1
1.5654  96669515 518 0 3037 275 0 1 0.1 0.1
1.60985  96669515 537 0 3204 274 0 1 0.1 0.1
1.6543  96669516 571 0 3451 274 0 1 0.1 0.1
1.69875  96669517 616 0 3768 273 0 1 0.1 0.1
1.74315  96669518 549 0 3342 274 0 1 0.1 0.1
1.7876  96669518 433 0 2614 275 0 1 0.1 0.1
1.83205  96669519 338 0 1998 273 0 1 0.1 0.1
1.8765  96669520 290 0 1699 274 0 1 0.1 0.1
1.92095  96669521 223 0 1270 274 0 1 0.1 0.1

#S 11  ascan  pvo 0.32095 1.92095  36 0.1
#D Wed Feb 14 11:03:52 2007
#T 0.1  (Seconds)
#G0 0
#G1 0 0 0 0 0 0 0 0 0 0 0 0 0 0 0 0 0 0 0 0 0 0 0 0 0 0 0 0 0 0 0 0
#G3 0 0 0 0 0 0 0 0 0
#G4 0
#Q 
#P0 1.17095 -1.07095 1.212 0.588 1.12095 -0.312 0.1 1.8
#P1 3.73125 2.26875 3.3025 2.6925 0.73125 0.305 6 5.995
#P2 0 0 0 
#UMI0 Current  AM   SH  U35u_Gap  U35u_Taper U35m_Gap  U35m_Taper 1=U26-2=U32_Gap  1=U26-2=U32_Taper XBPM1X  XBPM1Z  XBPM1Q SB_CURR
#UMI1  186.79  ON AUTO    35.0025   -0.3034   35.0010    0.0000   20.2975    2.0000   0.05   0.18   0.00   0.333
#UMI2 Refill in 35768 sec, Fill Mode: uniform multibunch / Message: Feb 14 10:22 Users mode problem solved now: you should be able to move your gap.
#N 10
#L PSlit V Off    Epoch  vdla  vdlb  kapton  diodo  euro1  serv det  Seconds  Seconds
0.32095  96669898 194 0 125 275 0 1 0.1 0.1
0.3654  96669899 179 0 112 275 0 1 0.1 0.1
0.40985  96669900 175 0 102 276 0 1 0.1 0.1
0.4543  96669901 163 0 93 275 0 1 0.1 0.1
0.49875  96669901 143 0 82 273 0 1 0.1 0.1
0.54315  96669902 127 0 78 275 0 1 0.1 0.1
0.5876  96669903 124 0 77 274 0 1 0.1 0.1
0.63205  96669904 122 0 75 274 0 1 0.1 0.1
0.6765  96669904 130 0 77 274 0 1 0.1 0.1
0.72095  96669905 126 0 83 274 0 1 0.1 0.1
0.7654  96669906 151 0 91 275 0 1 0.1 0.1
0.80985  96669907 172 0 107 275 0 1 0.1 0.1
0.8543  96669907 215 0 135 275 0 1 0.1 0.1
0.89875  96669908 300 0 184 275 0 1 0.1 0.1
0.94315  96669909 453 0 276 274 0 1 0.1 0.1
0.9876  96669909 717 0 436 274 0 1 0.1 0.1
1.03205  96669910 1114 0 678 274 0 1 0.1 0.1
1.0765  96669911 1684 0 1012 275 0 1 0.1 0.1
1.12095  96669912 2277 0 1405 275 0 1 0.1 0.1
1.1654  96669912 2868 0 1780 275 0 1 0.1 0.1
1.20985  96669913 3422 0 2101 273 0 1 0.1 0.1
1.2543  96669914 3820 0 2327 275 0 1 0.1 0.1
1.29875  96669915 4008 0 2413 274 0 1 0.1 0.1
1.34315  96669915 4135 0 2430 274 0 1 0.1 0.1
1.3876  96669916 4175 0 2401 274 0 1 0.1 0.1
1.43205  96669917 4085 0 2348 274 0 1 0.1 0.1
1.4765  96669918 4053 0 2361 273 0 1 0.1 0.1
1.52095  96669918 4140 0 2426 274 0 1 0.1 0.1
1.5654  96669919 4151 0 2505 274 0 1 0.1 0.1
1.60985  96669920 4206 0 2562 275 0 1 0.1 0.1
1.6543  96669921 4178 0 2580 274 0 1 0.1 0.1
1.69875  96669921 4023 0 2503 273 0 1 0.1 0.1
1.74315  96669922 3241 0 2022 275 0 1 0.1 0.1
1.7876  96669923 2227 0 1388 274 0 1 0.1 0.1
1.83205  96669924 1427 0 872 274 0 1 0.1 0.1
1.8765  96669924 1031 0 625 274 0 1 0.1 0.1
1.92095  96669925 679 0 411 274 0 1 0.1 0.1

#S 12  ascan  pvo 0.32095 1.92095  36 0.1
#D Wed Feb 14 11:06:23 2007
#T 0.1  (Seconds)
#G0 0
#G1 0 0 0 0 0 0 0 0 0 0 0 0 0 0 0 0 0 0 0 0 0 0 0 0 0 0 0 0 0 0 0 0
#G3 0 0 0 0 0 0 0 0 0
#G4 0
#Q 
#P0 1.17095 -1.07095 1.212 0.588 1.12095 -0.312 0.1 1.8
#P1 3.73125 2.26875 3.3025 2.6925 0.73125 0.305 6 5.995
#P2 0 0 0 
#UMI0 Current  AM   SH  U35u_Gap  U35u_Taper U35m_Gap  U35m_Taper 1=U26-2=U32_Gap  1=U26-2=U32_Taper XBPM1X  XBPM1Z  XBPM1Q SB_CURR
#UMI1  186.61  ON AUTO    35.0025   -0.3034   35.0010    0.0000   20.0987    2.0000   0.04   0.18   0.00   0.333
#UMI2 Refill in 35620 sec, Fill Mode: uniform multibunch / Message: Feb 14 10:22 Users mode problem solved now: you should be able to move your gap.
#N 10
#L PSlit V Off    Epoch  vdla  vdlb  kapton  diodo  euro1  serv det  Seconds  Seconds
0.32095  96670050 204 0 126 275 0 1 0.1 0.1
0.3654  96670051 182 0 114 275 0 1 0.1 0.1
0.40985  96670052 165 0 102 275 0 1 0.1 0.1
0.4543  96670053 155 0 92 275 0 1 0.1 0.1
0.49875  96670053 139 0 81 275 0 1 0.1 0.1
0.54315  96670054 128 0 77 275 0 1 0.1 0.1
0.5876  96670055 121 0 74 274 0 1 0.1 0.1
0.63205  96670056 118 0 72 275 0 1 0.1 0.1
0.6765  96670056 118 0 71 275 0 1 0.1 0.1
0.72095  96670057 120 0 72 275 0 1 0.1 0.1
0.7654  96670058 115 0 76 276 0 1 0.1 0.1
0.80985  96670059 133 0 84 274 0 1 0.1 0.1
0.8543  96670059 156 0 93 275 0 1 0.1 0.1
0.89875  96670060 185 0 110 275 0 1 0.1 0.1
0.94315  96670061 222 0 138 275 0 1 0.1 0.1
0.9876  96670062 317 0 189 276 0 1 0.1 0.1
1.03205  96670062 438 0 268 276 0 1 0.1 0.1
1.0765  96670063 666 0 403 274 0 1 0.1 0.1
1.12095  96670064 1000 0 608 275 0 1 0.1 0.1
1.1654  96670064 1454 0 890 275 0 1 0.1 0.1
1.20985  96670065 2032 0 1250 274 0 1 0.1 0.1
1.2543  96670066 2678 0 1639 276 0 1 0.1 0.1
1.29875  96670067 3296 0 1994 275 0 1 0.1 0.1
1.34315  96670067 3944 0 2313 275 0 1 0.1 0.1
1.3876  96670068 4382 0 2527 275 0 1 0.1 0.1
1.43205  96670069 4585 0 2659 275 0 1 0.1 0.1
1.4765  96670070 4656 0 2726 275 0 1 0.1 0.1
1.52095  96670070 4624 0 2738 275 0 1 0.1 0.1
1.5654  96670071 4371 0 2636 276 0 1 0.1 0.1
1.60985  96670072 3935 0 2403 275 0 1 0.1 0.1
1.6543  96670073 3378 0 2071 274 0 1 0.1 0.1
1.69875  96670073 2736 0 1682 274 0 1 0.1 0.1
1.74315  96670074 1859 0 1147 274 0 1 0.1 0.1
1.7876  96670075 1068 0 666 275 0 1 0.1 0.1
1.83205  96670076 576 0 357 275 0 1 0.1 0.1
1.8765  96670076 397 0 241 275 0 1 0.1 0.1
1.92095  96670077 290 0 175 275 0 1 0.1 0.1

#S 13  ascan  pvo 0.32095 1.92095  36 0.1
#D Wed Feb 14 11:14:50 2007
#T 0.1  (Seconds)
#G0 0
#G1 0 0 0 0 0 0 0 0 0 0 0 0 0 0 0 0 0 0 0 0 0 0 0 0 0 0 0 0 0 0 0 0
#G3 0 0 0 0 0 0 0 0 0
#G4 0
#Q 
#P0 1.17095 -1.07095 1.212 0.588 1.12095 -0.312 0.1 1.8
#P1 3.73125 2.26875 3.3025 2.6925 0.73125 0.305 6 5.995
#P2 0 0 0 
#UMI0 Current  AM   SH  U35u_Gap  U35u_Taper U35m_Gap  U35m_Taper 1=U26-2=U32_Gap  1=U26-2=U32_Taper XBPM1X  XBPM1Z  XBPM1Q SB_CURR
#UMI1  186.00  ON AUTO    50.0013   -0.2982   50.0016   -0.0026   12.3600    1.0000   0.03   0.18   0.00   0.330
#UMI2 Refill in 35110 sec, Fill Mode: uniform multibunch / Message: Feb 14 10:22 Users mode problem solved now: you should be able to move your gap.
#N 10
#L PSlit V Off    Epoch  vdla  vdlb  kapton  diodo  euro1  serv det  Seconds  Seconds
0.32095  96670556 37 0 20 274 0 1 0.1 0.1
0.3654  96670557 31 0 20 275 0 1 0.1 0.1
0.40985  96670558 34 0 20 274 0 1 0.1 0.1
0.4543  96670558 34 0 22 275 0 1 0.1 0.1
0.49875  96670559 37 0 24 275 0 1 0.1 0.1
0.54315  96670560 50 0 27 275 0 1 0.1 0.1
0.5876  96670561 55 0 33 275 0 1 0.1 0.1
0.63205  96670561 62 0 41 275 0 1 0.1 0.1
0.6765  96670562 87 0 51 275 0 1 0.1 0.1
0.72095  96670563 106 0 68 276 0 1 0.1 0.1
0.7654  96670563 147 0 91 274 0 1 0.1 0.1
0.80985  96670564 200 0 124 274 0 1 0.1 0.1
0.8543  96670565 270 0 170 274 0 1 0.1 0.1
0.89875  96670566 405 0 241 275 0 1 0.1 0.1
0.94315  96670566 594 0 353 273 0 1 0.1 0.1
0.9876  96670567 921 0 545 274 0 1 0.1 0.1
1.03205  96670568 1417 0 847 274 0 1 0.1 0.1
1.0765  96670569 2139 0 1289 274 0 1 0.1 0.1
1.12095  96670569 3065 0 1867 274 0 1 0.1 0.1
1.1654  96670570 4071 0 2494 275 0 1 0.1 0.1
1.20985  96670571 5104 0 3129 275 0 1 0.1 0.1
1.2543  96670572 6056 0 3673 274 0 1 0.1 0.1
1.29875  96670572 6682 0 4016 275 0 1 0.1 0.1
1.34315  96670573 7163 0 4207 274 0 1 0.1 0.1
1.3876  96670574 7449 0 4274 275 0 1 0.1 0.1
1.43205  96670575 7375 0 4248 275 0 1 0.1 0.1
1.4765  96670575 7345 0 4273 275 0 1 0.1 0.1
1.52095  96670576 7414 0 4379 275 0 1 0.1 0.1
1.5654  96670577 7453 0 4476 275 0 1 0.1 0.1
1.60985  96670578 7437 0 4529 274 0 1 0.1 0.1
1.6543  96670578 7378 0 4529 276 0 1 0.1 0.1
1.69875  96670579 7073 0 4400 276 0 1 0.1 0.1
1.74315  96670580 5628 0 3497 275 0 1 0.1 0.1
1.7876  96670580 3796 0 2345 276 0 1 0.1 0.1
1.83205  96670581 2360 0 1439 275 0 1 0.1 0.1
1.8765  96670582 1667 0 1016 275 0 1 0.1 0.1
1.92095  96670583 1059 0 639 275 0 1 0.1 0.1

#S 14  ascan  pho -1.812 1.188  30 0.1
#D Wed Feb 14 11:16:22 2007
#T 0.1  (Seconds)
#G0 0
#G1 0 0 0 0 0 0 0 0 0 0 0 0 0 0 0 0 0 0 0 0 0 0 0 0 0 0 0 0 0 0 0 0
#G3 0 0 0 0 0 0 0 0 0
#G4 0
#Q 
#P0 1.87035 -1.07035 0.412 -0.212 1.47035 -0.312 0.8 0.2
#P1 3.73125 2.26875 3.3025 2.6925 0.73125 0.305 6 5.995
#P2 0 0 0 
#UMI0 Current  AM   SH  U35u_Gap  U35u_Taper U35m_Gap  U35m_Taper 1=U26-2=U32_Gap  1=U26-2=U32_Taper XBPM1X  XBPM1Z  XBPM1Q SB_CURR
#UMI1  185.90  ON AUTO    50.0013   -0.2982   50.0016   -0.0026   12.3600    1.0000   0.03   0.18   0.00   0.330
#UMI2 Refill in 35020 sec, Fill Mode: uniform multibunch / Message: Feb 14 10:22 Users mode problem solved now: you should be able to move your gap.
#N 10
#L PSlit H Off    Epoch  vdla  vdlb  kapton  diodo  euro1  serv det  Seconds  Seconds
-1.812  96670641 20 0 11 275 0 1 0.1 0.1
-1.712  96670641 21 0 11 275 0 1 0.1 0.1
-1.612  96670642 17 0 12 274 0 1 0.1 0.1
-1.512  96670642 19 0 12 274 0 1 0.1 0.1
-1.412  96670642 34 0 20 275 0 1 0.1 0.1
-1.312  96670643 356 0 209 275 0 1 0.1 0.1
-1.212  96670643 1252 0 748 274 0 1 0.1 0.1
-1.112  96670643 2448 0 1440 275 0 1 0.1 0.1
-1.012  96670644 3479 0 2031 274 0 1 0.1 0.1
-0.912  96670644 4414 0 2562 276 0 1 0.1 0.1
-0.812  96670644 5404 0 3142 275 0 1 0.1 0.1
-0.712  96670645 6375 0 3713 274 0 1 0.1 0.1
-0.612  96670645 7251 0 4234 275 0 1 0.1 0.1
-0.512  96670645 7979 0 4664 275 0 1 0.1 0.1
-0.412  96670645 8661 0 5100 274 0 1 0.1 0.1
-0.312  96670646 9231 0 5509 274 0 1 0.1 0.1
-0.212  96670646 9443 0 5675 275 0 1 0.1 0.1
-0.112  96670646 9114 0 5497 275 0 1 0.1 0.1
-0.012  96670647 8430 0 5124 275 0 1 0.1 0.1
0.088  96670647 7507 0 4603 275 0 1 0.1 0.1
0.188  96670647 6311 0 3933 274 0 1 0.1 0.1
0.288  96670648 5051 0 3199 275 0 1 0.1 0.1
0.388  96670648 3776 0 2424 275 0 1 0.1 0.1
0.488  96670648 2570 0 1639 275 0 1 0.1 0.1
0.588  96670649 1500 0 955 275 0 1 0.1 0.1
0.688  96670649 728 0 462 274 0 1 0.1 0.1
0.788  96670649 279 0 179 274 0 1 0.1 0.1
0.888  96670650 98 0 63 275 0 1 0.1 0.1
0.988  96670650 43 0 22 275 0 1 0.1 0.1
1.088  96670650 22 0 12 276 0 1 0.1 0.1
1.188  96670651 17 0 11 274 0 1 0.1 0.1

#S 15  ascan  cly 3.83 4.83  25 0.1
#D Wed Feb 14 11:18:03 2007
#T 0.1  (Seconds)
#G0 0
#G1 0 0 0 0 0 0 0 0 0 0 0 0 0 0 0 0 0 0 0 0 0 0 0 0 0 0 0 0 0 0 0 0
#G3 0 0 0 0 0 0 0 0 0
#G4 0
#Q 
#P0 1.87035 -1.07035 1.112 0.688 1.47035 -0.212 0.8 1.8
#P1 3.73125 2.26875 3.3025 2.6925 0.73125 0.305 6 5.995
#P2 0 4.33 1.442 
#UMI0 Current  AM   SH  U35u_Gap  U35u_Taper U35m_Gap  U35m_Taper 1=U26-2=U32_Gap  1=U26-2=U32_Taper XBPM1X  XBPM1Z  XBPM1Q SB_CURR
#UMI1  185.78  ON AUTO    50.0013   -0.2982   50.0016   -0.0026   12.3600    1.0000   0.03   0.18   0.00   0.329
#UMI2 Refill in 34918 sec, Fill Mode: uniform multibunch / Message: Feb 14 10:22 Users mode problem solved now: you should be able to move your gap.
#N 10
#L CoLensY    Epoch  vdla  vdlb  kapton  diodo  euro1  serv det  Seconds  Seconds
3.83  96670741 35792 0 21175 273 0 1 0.1 0.1
3.87  96670742 36115 0 21393 274 0 1 0.1 0.1
3.91  96670742 36363 0 21524 274 0 1 0.1 0.1
3.95  96670742 36392 0 21512 274 0 1 0.1 0.1
3.99  96670743 36368 0 21511 274 0 1 0.1 0.1
4.03  96670743 36422 0 21514 273 0 1 0.1 0.1
4.07  96670743 36413 0 21515 274 0 1 0.1 0.1
4.11  96670744 36414 0 21524 274 0 1 0.1 0.1
4.15  96670744 36420 0 21507 274 0 1 0.1 0.1
4.19  96670744 36394 0 21519 275 0 1 0.1 0.1
4.23  96670744 36455 0 21515 275 0 1 0.1 0.1
4.27  96670745 36421 0 21511 274 0 1 0.1 0.1
4.31  96670745 36358 0 21513 274 0 1 0.1 0.1
4.35  96670745 36354 0 21501 274 0 1 0.1 0.1
4.39  96670746 36417 0 21512 274 0 1 0.1 0.1
4.43  96670746 36386 0 21525 274 0 1 0.1 0.1
4.47  96670746 36408 0 21511 275 0 1 0.1 0.1
4.51  96670746 36404 0 21501 274 0 1 0.1 0.1
4.55  96670747 36380 0 21466 275 0 1 0.1 0.1
4.59  96670747 36264 0 21417 275 0 1 0.1 0.1
4.63  96670747 36120 0 21334 275 0 1 0.1 0.1
4.67  96670748 36037 0 21244 275 0 1 0.1 0.1
4.71  96670748 35859 0 21096 275 0 1 0.1 0.1
4.75  96670748 35648 0 20938 274 0 1 0.1 0.1
4.79  96670748 35171 0 20711 273 0 1 0.1 0.1
4.83  96670749 34769 0 20488 274 0 1 0.1 0.1

#S 16  ascan  cly 3.33 5.33  25 0.1
#D Wed Feb 14 11:18:20 2007
#T 0.1  (Seconds)
#G0 0
#G1 0 0 0 0 0 0 0 0 0 0 0 0 0 0 0 0 0 0 0 0 0 0 0 0 0 0 0 0 0 0 0 0
#G3 0 0 0 0 0 0 0 0 0
#G4 0
#Q 
#P0 1.87035 -1.07035 1.112 0.688 1.47035 -0.212 0.8 1.8
#P1 3.73125 2.26875 3.3025 2.6925 0.73125 0.305 6 5.995
#P2 0 4.33 1.442 
#UMI0 Current  AM   SH  U35u_Gap  U35u_Taper U35m_Gap  U35m_Taper 1=U26-2=U32_Gap  1=U26-2=U32_Taper XBPM1X  XBPM1Z  XBPM1Q SB_CURR
#UMI1  185.76  ON AUTO    50.0013   -0.2982   50.0016   -0.0026   12.3600    1.0000   0.03   0.17   0.00   0.329
#UMI2 Refill in 34900 sec, Fill Mode: uniform multibunch / Message: Feb 14 10:22 Users mode problem solved now: you should be able to move your gap.
#N 10
#L CoLensY    Epoch  vdla  vdlb  kapton  diodo  euro1  serv det  Seconds  Seconds
3.33  96670759 27674 0 16641 274 0 1 0.1 0.1
3.41  96670759 29011 0 17386 274 0 1 0.1 0.1
3.49  96670759 30765 0 18366 274 0 1 0.1 0.1
3.57  96670760 32239 0 19218 275 0 1 0.1 0.1
3.65  96670760 33592 0 19942 275 0 1 0.1 0.1
3.73  96670760 34650 0 20575 275 0 1 0.1 0.1
3.81  96670761 35567 0 21070 275 0 1 0.1 0.1
3.89  96670761 36372 0 21470 273 0 1 0.1 0.1
3.97  96670761 36415 0 21509 274 0 1 0.1 0.1
4.05  96670762 36420 0 21532 275 0 1 0.1 0.1
4.13  96670762 36433 0 21516 275 0 1 0.1 0.1
4.21  96670763 36392 0 21503 275 0 1 0.1 0.1
4.29  96670763 36404 0 21510 274 0 1 0.1 0.1
4.37  96670763 36307 0 21497 274 0 1 0.1 0.1
4.45  96670764 36377 0 21479 274 0 1 0.1 0.1
4.53  96670764 36357 0 21475 274 0 1 0.1 0.1
4.61  96670764 36183 0 21352 275 0 1 0.1 0.1
4.69  96670765 35830 0 21142 274 0 1 0.1 0.1
4.77  96670765 35328 0 20824 274 0 1 0.1 0.1
4.85  96670765 34503 0 20321 274 0 1 0.1 0.1
4.93  96670766 33537 0 19713 274 0 1 0.1 0.1
5.01  96670766 32264 0 18959 275 0 1 0.1 0.1
5.09  96670766 30856 0 18051 274 0 1 0.1 0.1
5.17  96670767 29169 0 17030 275 0 1 0.1 0.1
5.25  96670767 27392 0 15913 274 0 1 0.1 0.1
5.33  96670767 25675 0 14891 274 0 1 0.1 0.1

#S 17  ascan  cly 3.13 5.33  25 0.1
#D Wed Feb 14 11:18:42 2007
#T 0.1  (Seconds)
#G0 0
#G1 0 0 0 0 0 0 0 0 0 0 0 0 0 0 0 0 0 0 0 0 0 0 0 0 0 0 0 0 0 0 0 0
#G3 0 0 0 0 0 0 0 0 0
#G4 0
#Q 
#P0 1.87035 -1.07035 1.112 0.688 1.47035 -0.212 0.8 1.8
#P1 3.73125 2.26875 3.3025 2.6925 0.73125 0.305 6 5.995
#P2 0 4.33 1.442 
#UMI0 Current  AM   SH  U35u_Gap  U35u_Taper U35m_Gap  U35m_Taper 1=U26-2=U32_Gap  1=U26-2=U32_Taper XBPM1X  XBPM1Z  XBPM1Q SB_CURR
#UMI1  185.73  ON AUTO    50.0013   -0.2982   50.0016   -0.0026   12.3600    1.0000   0.03   0.18   0.00   0.329
#UMI2 Refill in 34882 sec, Fill Mode: uniform multibunch / Message: Feb 14 10:22 Users mode problem solved now: you should be able to move your gap.
#N 10
#L CoLensY    Epoch  vdla  vdlb  kapton  diodo  euro1  serv det  Seconds  Seconds
3.13  96670781 25090 0 15177 274 0 1 0.1 0.1
3.218  96670781 26173 0 15767 274 0 1 0.1 0.1
3.306  96670782 27330 0 16432 274 0 1 0.1 0.1
3.394  96670782 28635 0 17173 274 0 1 0.1 0.1
3.482  96670782 30567 0 18229 274 0 1 0.1 0.1
3.57  96670783 32228 0 19186 274 0 1 0.1 0.1
3.658  96670783 33599 0 19976 274 0 1 0.1 0.1
3.746  96670783 34831 0 20649 274 0 1 0.1 0.1
3.834  96670784 35756 0 21163 274 0 1 0.1 0.1
3.922  96670784 36303 0 21508 274 0 1 0.1 0.1
4.01  96670785 36307 0 21471 273 0 1 0.1 0.1
4.098  96670785 36346 0 21478 275 0 1 0.1 0.1
4.186  96670785 36350 0 21450 274 0 1 0.1 0.1
4.274  96670786 36338 0 21477 274 0 1 0.1 0.1
4.362  96670786 36367 0 21464 274 0 1 0.1 0.1
4.45  96670786 36372 0 21449 274 0 1 0.1 0.1
4.538  96670787 36262 0 21424 275 0 1 0.1 0.1
4.626  96670787 36061 0 21290 274 0 1 0.1 0.1
4.714  96670787 35638 0 21020 274 0 1 0.1 0.1
4.802  96670788 35080 0 20591 274 0 1 0.1 0.1
4.89  96670788 34023 0 20010 275 0 1 0.1 0.1
4.978  96670789 32774 0 19241 275 0 1 0.1 0.1
5.066  96670789 31240 0 18313 275 0 1 0.1 0.1
5.154  96670789 29469 0 17229 274 0 1 0.1 0.1
5.242  96670790 27487 0 16004 274 0 1 0.1 0.1
5.33  96670790 25601 0 14872 275 0 1 0.1 0.1

#S 18  ascan  cly 2.83 5.83  25 0.1
#D Wed Feb 14 11:18:59 2007
#T 0.1  (Seconds)
#G0 0
#G1 0 0 0 0 0 0 0 0 0 0 0 0 0 0 0 0 0 0 0 0 0 0 0 0 0 0 0 0 0 0 0 0
#G3 0 0 0 0 0 0 0 0 0
#G4 0
#Q 
#P0 1.87035 -1.07035 1.112 0.688 1.47035 -0.212 0.8 1.8
#P1 3.73125 2.26875 3.3025 2.6925 0.73125 0.305 6 5.995
#P2 0 4.33 1.442 
#UMI0 Current  AM   SH  U35u_Gap  U35u_Taper U35m_Gap  U35m_Taper 1=U26-2=U32_Gap  1=U26-2=U32_Taper XBPM1X  XBPM1Z  XBPM1Q SB_CURR
#UMI1  185.71  ON AUTO    50.0013   -0.2982   50.0016   -0.0026   12.3600    1.0000   0.03   0.18   0.00   0.328
#UMI2 Refill in 34861 sec, Fill Mode: uniform multibunch / Message: Feb 14 10:22 Users mode problem solved now: you should be able to move your gap.
#N 10
#L CoLensY    Epoch  vdla  vdlb  kapton  diodo  euro1  serv det  Seconds  Seconds
2.83  96670798 23788 0 14285 275 0 1 0.1 0.1
2.95  96670798 23796 0 14355 274 0 1 0.1 0.1
3.07  96670799 24558 0 14806 275 0 1 0.1 0.1
3.19  96670799 25823 0 15540 274 0 1 0.1 0.1
3.31  96670800 27394 0 16441 274 0 1 0.1 0.1
3.43  96670800 29368 0 17587 275 0 1 0.1 0.1
3.55  96670800 31738 0 18969 274 0 1 0.1 0.1
3.67  96670801 33772 0 20064 274 0 1 0.1 0.1
3.79  96670801 35270 0 20890 273 0 1 0.1 0.1
3.91  96670802 36268 0 21460 273 0 1 0.1 0.1
4.03  96670802 36301 0 21452 274 0 1 0.1 0.1
4.15  96670802 36327 0 21444 274 0 1 0.1 0.1
4.27  96670803 36287 0 21440 273 0 1 0.1 0.1
4.39  96670803 36260 0 21423 274 0 1 0.1 0.1
4.51  96670804 36336 0 21423 274 0 1 0.1 0.1
4.63  96670804 36033 0 21249 275 0 1 0.1 0.1
4.75  96670805 35373 0 20851 274 0 1 0.1 0.1
4.87  96670805 34154 0 20122 274 0 1 0.1 0.1
4.99  96670805 32523 0 19095 273 0 1 0.1 0.1
5.11  96670806 30349 0 17766 274 0 1 0.1 0.1
5.23  96670806 27655 0 16153 273 0 1 0.1 0.1
5.35  96670807 25041 0 14527 273 0 1 0.1 0.1
5.47  96670807 21771 0 12551 273 0 1 0.1 0.1
5.59  96670807 18273 0 10494 273 0 1 0.1 0.1
5.71  96670808 14803 0 8436 273 0 1 0.1 0.1
5.83  96670808 11403 0 6473 273 0 1 0.1 0.1

#S 19  ascan  clz 0.442 2.442  50 0.1
#D Wed Feb 14 11:19:51 2007
#T 0.1  (Seconds)
#G0 0
#G1 0 0 0 0 0 0 0 0 0 0 0 0 0 0 0 0 0 0 0 0 0 0 0 0 0 0 0 0 0 0 0 0
#G3 0 0 0 0 0 0 0 0 0
#G4 0
#Q 
#P0 1.87035 -1.07035 1.112 0.688 1.47035 -0.212 0.8 1.8
#P1 3.73125 2.26875 3.3025 2.6925 0.73125 0.305 6 5.995
#P2 0 4.24 1.442 
#UMI0 Current  AM   SH  U35u_Gap  U35u_Taper U35m_Gap  U35m_Taper 1=U26-2=U32_Gap  1=U26-2=U32_Taper XBPM1X  XBPM1Z  XBPM1Q SB_CURR
#UMI1  185.65  ON AUTO    50.0013   -0.2982   50.0016   -0.0026   12.3600    1.0000   0.03   0.18   0.00   0.328
#UMI2 Refill in 34809 sec, Fill Mode: uniform multibunch / Message: Feb 14 10:22 Users mode problem solved now: you should be able to move your gap.
#N 10
#L CoLensZ    Epoch  vdla  vdlb  kapton  diodo  euro1  serv det  Seconds  Seconds
0.442  96670860 661 0 427 274 0 1 0.1 0.1
0.482  96670861 1141 0 740 274 0 1 0.1 0.1
0.522  96670863 1781 0 1129 273 0 1 0.1 0.1
0.562  96670864 2601 0 1624 274 0 1 0.1 0.1
0.602  96670866 3561 0 2200 273 0 1 0.1 0.1
0.642  96670867 4650 0 2857 275 0 1 0.1 0.1
0.682  96670868 5844 0 3581 275 0 1 0.1 0.1
0.722  96670870 7123 0 4394 274 0 1 0.1 0.1
0.762  96670871 8450 0 5243 273 0 1 0.1 0.1
0.802  96670873 9858 0 6106 274 0 1 0.1 0.1
0.842  96670874 11426 0 7047 274 0 1 0.1 0.1
0.882  96670876 13097 0 8023 273 0 1 0.1 0.1
0.922  96670877 14818 0 9025 274 0 1 0.1 0.1
0.962  96670878 16591 0 10067 274 0 1 0.1 0.1
1.002  96670880 18603 0 11241 274 0 1 0.1 0.1
1.042  96670881 20521 0 12392 273 0 1 0.1 0.1
1.082  96670883 22484 0 13555 275 0 1 0.1 0.1
1.122  96670884 24385 0 14787 274 0 1 0.1 0.1
1.162  96670886 26274 0 15958 273 0 1 0.1 0.1
1.202  96670887 27983 0 17007 273 0 1 0.1 0.1
1.242  96670889 29430 0 17936 274 0 1 0.1 0.1
1.282  96670890 30852 0 18742 274 0 1 0.1 0.1
1.322  96670891 32131 0 19504 274 0 1 0.1 0.1
1.362  96670893 33563 0 20169 273 0 1 0.1 0.1
1.402  96670894 35047 0 20764 274 0 1 0.1 0.1
1.442  96670896 36079 0 21348 273 0 1 0.1 0.1
1.482  96670897 37071 0 21799 273 0 1 0.1 0.1
1.522  96670899 37785 0 22233 274 0 1 0.1 0.1
1.562  96670900 38597 0 22614 272 0 1 0.1 0.1
1.602  96670901 38986 0 22926 272 0 1 0.1 0.1
1.642  96670903 39443 0 23208 273 0 1 0.1 0.1
1.682  96670904 39817 0 23432 274 0 1 0.1 0.1
1.722  96670906 40096 0 23603 274 0 1 0.1 0.1
1.762  96670907 40219 0 23679 274 0 1 0.1 0.1
1.802  96670909 39969 0 23568 273 0 1 0.1 0.1
1.842  96670910 39208 0 23121 273 0 1 0.1 0.1
1.882  96670912 37974 0 22462 273 0 1 0.1 0.1
1.922  96670913 36346 0 21644 274 0 1 0.1 0.1
1.962  96670914 34345 0 20602 273 0 1 0.1 0.1
2.002  96670916 32263 0 19459 274 0 1 0.1 0.1
2.042  96670917 29989 0 18231 274 0 1 0.1 0.1
2.082  96670919 27580 0 16895 273 0 1 0.1 0.1
2.122  96670920 25274 0 15570 273 0 1 0.1 0.1
2.162  96670922 23032 0 14257 274 0 1 0.1 0.1
2.202  96670923 20921 0 12957 273 0 1 0.1 0.1
2.242  96670925 18685 0 11638 272 0 1 0.1 0.1
2.282  96670926 16514 0 10324 272 0 1 0.1 0.1
2.322  96670928 14436 0 8960 274 0 1 0.1 0.1
2.362  96670929 12232 0 7592 274 0 1 0.1 0.1
2.402  96670930 10082 0 6204 274 0 1 0.1 0.1
2.442  96670932 8069 0 4881 274 0 1 0.1 0.1
